01  120170420 50                                                                
020000000626686600000000000750058261       00126578    2216412017041920001188   
020000000626703300000000001000068400       00142496    2838722017041920001188   
020000000626726700000000000400072390       00128607    3477212017041920001188   
020000000626758100000000000200062456       00107537    4947222017041920001188   
020000000626792700000000000500075610       00136977    6405312017041920001188   
020000000626811900000000000200076794       00140622    6486022017041920001188   
020000000626730900000000001080070797       00125443    7183012017041920001188   
020000000626879000000000000200070389       00124711    7897412017041920001188   
020000000626873100000000000500065495       00114521    7902122017041920001188   
020000000624975200000000000600064078       00133251    8152722017041920001188   
020000000626889600000000000200068134       00122372    8480512017041920001188   
020000000626466000000000000099067378       00118390    8475322017041920001188   
020000000626844600000000000350071976       00127721    8843222017041920001188   
020000000626925700000000000150011708       00096232    9018712017041920001188   
020000000626928300000000001000042246       00088199    9230512017041920001188   
020000000626927000000000006440062072       00106724    9257012017041920001188   
020000000626909700000000000300065725       00124709    1257412017041920001188   
020000000625297400000000000350057966       00103355    1759922017041920001188   
02000000062690080000000000018006476        00137978    2433922017041920001188   
020000000627083100000000001000035271       00140595    2760022017041920001188   
020000000627093600000000000200072427       00128697    2954212017041920001188   
020000000627088400000000000170051304       00082400    2999412017041920001188   
020000000626433500000000000520065362       00114155    3598012017041920001188   
020000000627086500000000002000076959       00140012    3743212017041920001188   
020000000627129500000000000150065243       00113887    3790012017041920001188   
020000000627093500000000002490067711       00119177    4125512017041920001188   
020000000627148800000000000300066331       00116179    4376712017041920001188   
020000000626940900000000002250073511       00131170    4685712017041920001188   
020000000627112000000000000200059645       00101562    4786622017041920001188   
02000000062707950000000000040008474        00112957    5110622017041920001188   
02000000062707930000000000040008474        00112957    5171322017041920001188   
020000000627169300000000007000033506       00095812    5204722017041920001188   
02000000062708000000000000040008474        00112957    5333922017041920001188   
02000000062708010000000000040008474        00112957    5376122017041920001188   
02000000062708050000000000040008474        00112957    5435422017041920001188   
02000000062708080000000000040008474        00112957    5780522017041920001188   
02000000062708100000000000040008474        00112957    5823722017041920001188   
020000000627186000000000000230063867       00110741    5855012017041920001188   
02000000062708120000000000040008474        00112957    5876922017041920001188   
020000000627171800000000000100068599       00121252    6022212017041920001188   
020000000627168000000000000650076989       00141890    6189522017041920001188   
020000000627187200000000000320066075       00141647    6894922017041920001188   
020000000626775600000000000990069572       00122946    8138912017041920001188   
020000000623342600000000001199946969       00123472    8364922017041920001188   
020000000627235100000000000300066331       00116179    8380612017041920001188   
020000000625470200000000000100075398       00136483    8706112017041920001199   
020000000627242200000000000200062456       00107537    8788922017041920001188   
020000000625461000000000000600068690       00121759    9433312017041920001188   
020000000627185200000000000150042152       00066618    0430712017041920001188   
020000000627296400000000001500011884       00100843    0888622017041920001188   
