01  120170419 46                                                                
020000000625890500000000000500065628       00129456    9207012017041820001188   
020000000625903800000000000400029317       00142485    9971022017041820001188   
020000000625905300000000000500029317       00142485    0075322017041820001188   
020000000626036400000000001000055942       00093072    4537912017041820001188   
020000000626028500000000002460011864       00137442    5444712017041820001188   
020000000626048100000000004000076925       00139937    5509622017041820001188   
020000000623065100000000001800072427       00128697    5581312017041820001188   
020000000626077600000000000500042246       00088199    5582212017041820001188   
02000000062607900000000000229009571        00120556    5604022017041820001188   
020000000625751000000000000772063105       00130975    6207022017041820001188   
020000000625757200000000003001263105       00130975    6234422017041820001188   
020000000626118100000000000500069037       00121997    6505512017041820001188   
020000000626100300000000000500036122       00140687    7159722017041820001188   
020000000625874200000000001199928060       00045007    7414512017041820001188   
020000000626166800000000000200061707       00124422    7691522017041820001188   
020000000626165900000000000140061707       00124422    7722722017041820001188   
020000000625805100000000000750060741       00103965    7727622017041820001188   
020000000626171000000000000140061707       00124422    7819922017041820001188   
020000000626148400000000000390068154       00120078    7937112017041820001188   
020000000626205100000000000570055942       00093072    8473112017041820001188   
020000000626212800000000000200076413       00141001    8599922017041820001188   
020000000626206300000000000135031825       00133136    8906812017041820001188   
020000000625685300000000000150074519       00133986    9050012017041820001188   
020000000625947400000000000750058261       00126578    9143312017041820001188   
020000000625762300000000000450065232       00113929    9668322017041820001188   
020000000626270600000000000400070797       00125443    0296012017041820001188   
020000000626270700000000000400070797       00125443    0315312017041820001188   
020000000626270800000000000400070797       00125443    0330012017041820001188   
020000000626062300000000000590072409       00128635    0420122017041820001188   
020000000626279800000000000750045366       00089987    0443522017041820001188   
02000000062624540000000000014006950        00065686    1116612017041820001188   
020000000626312900000000000400035538       00127908    1162312017041820001188   
020000000626326500000000003493067711       00119177    3096012017041820001188   
020000000625670500000000000150074519       00133986    3382012017041820001188   
020000000625695200000000000150074519       00133986    3405512017041820001188   
020000000626328700000000000150074519       00133986    3426712017041820001188   
020000000626001400000000000500064018       00111111    4675112017041820001188   
020000000626416400000000000480059941       00102258    4822112017041820001188   
020000000626429700000000001000042246       00088199    5513212017041820001188   
020000000626434500000000000200062456       00107537    5545622017041820001188   
020000000626349000000000000600065628       00129456    7163212017041820001188   
020000000626420400000000000450076989       00141890    7819622017041820001188   
020000000626479800000000002000067378       00118390    7950222017041820001188   
020000000626480500000000000300072693       00131144    7980822017041820001188   
020000000626482000000000000300072693       00131144    8019822017041820001188   
020000000626494900000000000150067335       00118295    8599312017041820001188   
