01  120170308 38                                                                
020000000600276700000000000150050169       00080346    6398712017030720001188   
020000000599910600000000000522059978       00121561    6758722017030720001188   
020000000600261200000000000500020242       00040338    6754512017030720001188   
020000000600300800000000000390874483       00133906    7272622017030720001188   
020000000598926400000000000318065859       00115364    8287212017030720001188   
020000000600257700000000000660051011       00105589    9102112017030720001188   
020000000600213500000000000340032910       00053805    9797212017030720001188   
020000000600292600000000000300013462       00061619    9818512017030720001188   
020000000600294600000000000300013462       00061619    9849812017030720001188   
020000000600152300000000000300074519       00133986    0144712017030720001188   
020000000600413300000000000200062456       00107537    0970222017030720001188   
020000000600385300000000000500075506       00136772    1513412017030720001188   
020000000600445400000000000150071992       00127684    1805612017030720001188   
02000000060017260000000000020008835        00093912    1884522017030720001188   
020000000600511600000000000500011910       00098747    3739712017030720001188   
020000000600451100000000000150074519       00133986    3775612017030720001188   
020000000600332700000000000300040769       00134856    4167822017030720001188   
020000000600522400000000000100077013       00140129    4319722017030720001188   
020000000600425300000000000300076407       00139035    5333422017030720001188   
020000000600584300000000004000013462       00061619    5682412017030720001188   
020000000600588300000000000150067335       00118295    5711612017030720001188   
020000000600583000000000000150042249       00094201    5754322017030720001188   
020000000598224900000000000243012080       00043789    6124412017030720001188   
020000000600600200000000000300047063       00106665    6171322017030720001188   
020000000600600500000000001000068542       00121010    6299722017030720001188   
020000000599937700000000001890072390       00128607    7422112017030720001188   
020000000600584700000000000200074519       00133986    7534412017030720001188   
020000000600379400000000006990036296       00103785    8220912017030720001188   
020000000600691300000000001300029926       00096302    2252722017030720001188   
020000000600767800000000000150067116       00118334    3024212017030720001188   
020000000600113400000000000690039563       00062963    3361512017030720001188   
020000000600777300000000000150069261       00122556    3475612017030720001188   
020000000600753800000000000500065628       00129456    3504112017030720001188   
020000000598589100000000001199964950       00113221    4221412017030720001188   
020000000600645100000000000300073385       00130787    7868122017030720001188   
020000000600846000000000000150042249       00094201    8090122017030720001188   
020000000600820700000000001870012591       00128501    8110022017030720001188   
020000000600858700000000001000042246       00088199    8493112017030720001188   
