0703201703032017000000050320170000000597192200100831010000003142000000000000204800
0703201703032017000000050320170000000597537000100834070000000879000000000000057300
0703201703032017000000050320170000000597635100100834720000000177000000000000010500
0703201703032017000000050320170000000597658700100827400000000177000000000000009990
0703201703032017000000050320170000000597681700100874130000000342000000000000022300
0703201703032017000000050320170000000597730100100865080000000494000000000000032200
0703201703032017000000050320170000000597740400100865500000001071000000000000069800
0703201703032017000000050320170000000597748200100828820000009333000000000000608400
0703201703032017000000050320170000000597768300100846160000000825000000000000053800
0703201703032017000000050320170000000597807500100837060000000177000000000000011550
0703201703032017000000050320170000000597807900100829860000000419000000000000027300
0703201703032017000000050320170000000597815900100876090000000253000000000000016500
0703201703032017000000050320170000000597822400100876270000000752000000000000049040
0703201703032017000000050320170000000597885100100857860000003094000000000000201700
0703201703032017000000050320170000000597955800100848860000000638000000000000041600
0703201703032017000000050320170000000597987600100839490000001864000000000000121500
0703201703032017000000050320170000000598023000100849430000003586000000000000233800
0703201703032017000000050320170000000598031000100878100000000177000000000000009450
0703201703032017000000050320170000000598109800100878970000001285000000000000083800
0703201703032017000000050320170000000598125800100910450000002681000000000000174800
0703201703032017000000050320170000000598130900100891010000002149000000000000140124
0703201703032017000000050320170000000598143400100901270000000177000000000000008590
0703201703032017000000050320170000000598156500100920630000000264000000000000017200
0703201703032017000000050320170000000598178200100911040000000385000000000000025130
0703201703032017000000050320170000000598198300100911320000000177000000000000010000
0703201703032017000000050320170000000598232800100902560000000672000000000000043800
0703201703032017000000050320170000000598261300100892750000002453000000000000159900
0703201703032017000000050320170000000598279800100921770000004353000000000000283800
0703201703032017000000050320170000000598311700100912340000000740000000000000048223
0703201703032017000000050320170000000598336400100922250000004049000000000000263935
0703201703032017000000050320170000000598361100100931340000000177000000000000007640
0703201703032017000000050320170000000598372700100922690000006406000000000000417592
0703201703032017000000050320170000000598423300100914120000001532000000000000099900
0703201703032017000000050320170000000598434400100932540000000804000000000000052400
0703201703032017000000050320170000000598441100100923660000001824000000000000118915
0703201703032017000000050320170000000598540000100896880000000247000000000000016070
0703201703032017000000050320170000000598609800100934780000000889000000000000057980
0703201703032017000000050320170000000598688600100917490000000640000000000000041700
0703201703032017000000050320170000000598714700100927420000000177000000000000006290
0703201703032017000000050320170000000598743100100918000000001281000000000000083500
0703201703032017000000050320170000000598799900100936400000000988000000000000064423
0703201703032017000000050320170000000598825300100918910000002228000000000000145222
0703201703032017000000050320170000000598991100100980840000002295000000000000149612
