1904201717042017000000170420170000000623121900102801270000005368000000000000349940
1904201717042017000000170420170000000623162000102773190000000177000000000000006090
1904201717042017000000170420170000000623193200102802210000002436000000000000158820
1904201717042017000000170420170000000623220300102774380000008946000000000000583200
1904201717042017000000170420170000000623235100102813050000001687000000000000109980
1904201717042017000000170420170000000623248200102794640000004232000000000000275860
1904201717042017000000170420170000000623299500102776980000001516000000000000098800
1904201717042017000000170420170000000623311400102822710000000177000000000000001490
1904201717042017000000170420170000000623419800102771160000002528000000000000164800
1904201717042017000000170420170000000623461700102788280000001993000000000000129900
1904201717042017000000170420170000000623635400102789960000000726000000000000047300
1904201717042017000000170420170000000623801800102861380000000318000000000000020700
1904201717042017000000170420170000000623952200102834290000002453000000000000159920
1904201717042017000000170420170000000624008200102844170000000825000000000000053800
1904201717042017000000170420170000000624364000102857150000000515000000000000033600
1904201717042017000000170420170000000624409100102838470000000177000000000000007550
1904201717042017000000170420170000000624410600102847930000000177000000000000008050
1904201717042017000000170420170000000624494800102839250000000672000000000000043800
1904201717042017000000170420170000000624506700102858290000002014000000000000131315
1904201717042017000000170420170000000624525900102877660000004122000000000000268700
1904201717042017000000170420170000000624529400102884720000000468000000000000030500
1904201717042017000000170420170000000624570300102858770000000518000000000000033800
1904201717042017000000170420170000000624600600102890330000000488000000000000031800
1904201717042017000000170420170000000624607300102868830000000726000000000000047300
1904201717042017000000170420170000000624632300102859440000002835000000000000184800
1904201717042017000000170420170000000624645600102890910000002421000000000000157800
1904201717042017000000170420170000000624647200102890860000002052000000000000133800
1904201717042017000000170420170000000624664700102885940000000252000000000000016430
1904201717042017000000170420170000000624670900102859830000000825000000000000053800
1904201717042017000000170420170000000624687800102879670000006072000000000000395800
1904201717042017000000170420170000000624710200102891540000002912000000000000189800
1904201717042017000000170420170000000624713400102879850000000242000000000000015780
1904201717042017000000170420170000000624726900102869810000004620000000000000301200
1904201717042017000000170420170000000624771800102866170000000686000000000000044700
1904201717042017000000170420170000000624780100102930560000001086000000000000070800
1904201717042017000000170420170000000624844700102888050000000919000000000000059900
1904201717042017000000170420170000000624930300102903060000001592000000000000103800
1904201717042017000000170420170000000624967400102894520000001332000000000000086800
1904201717042017000000170420170000000624980900102913260000000342000000000000022300
1904201717042017000000170420170000000624983000102932570000000476000000000000031000
1904201717042017000000170420170000000625005100102913530000000687000000000000044800
1904201717042017000000170420170000000625014600102889770000001776000000000000115800
1904201717042017000000170420170000000625051900102924050000000475000000000000030990
1904201717042017000000170420170000000625071600102940390000002336000000000000152300
1904201717042017000000170420170000000625075100102940430000000476000000000000031000
1904201717042017000000170420170000000625084500102904950000001608000000000000104800
1904201717042017000000170420170000000625096000102896390000001638000000000000106800
1904201717042017000000170420170000000625105400102905230000000919000000000000059900
1904201717042017000000170420170000000625144100102896980000002206000000000000143800
1904201717042017000000170420170000000625154100102941560000000193000000000000012550
1904201717042017000000170420170000000625158800102906280000001879000000000000122510
1904201717042017000000170420170000000625173000102906460000000242000000000000015780
1904201717042017000000170420170000000625175200102941810000003738000000000000243650
1904201717042017000000170420170000000625201500102749940000000779000000000000050800
1904201717042017000000170420170000000625246300102898160000000782000000000000051000
1904201717042017000000170420170000000625254600102913650000000956000000000000062300
1904201717042017000000170420170000000625287600102926540000002237000000000000145800
1904201717042017000000170420170000000625351100102942910000000779000000000000050800
1904201717042017000000170420170000000625408200102899090000006150000000000000400900
1904201717042017000000170420170000000625414100102943250000002777000000000000181000
1904201717042017000000170420170000000625494600102937050000000782000000000000051000
1904201717042017000000170420170000000625587300102715460000000994000000000000064800
1904201717042017000000170420170000000625602700102937870000001454000000000000094800
1904201717042017000000170420170000000625794100102939090000003103000000000000202300
