2303201721032017000000210320170000000608585300101683310000000488000000000000031800
2303201721032017000000210320170000000608587900101611200000001493000000000000097300
2303201721032017000000210320170000000608619100101693300000000288000000000000018800
2303201721032017000000210320170000000608660800101693760000002206000000000000143800
2303201721032017000000210320170000000608664000100525130000000183000000000000011900
2303201721032017000000210320170000000608688000101713780000000979000000000000063800
2303201721032017000000210320170000000608715900101724020000000457000000000000029760
2303201721032017000000210320170000000608782800101685890000002130000000000000138825
2303201721032017000000210320170000000608805200101686230000001209000000000000078800
2303201721032017000000210320170000000608893500101687010000001549000000000000101000
2303201721032017000000210320170000000609025100101727110000000488000000000000031800
2303201721032017000000210320170000000609072000101718500000003372000000000000219820
2303201721032017000000210320170000000609118800101698230000000199000000000000013000
2303201721032017000000210320170000000609147400101688580000000790000000000000051500
2303201721032017000000210320170000000609169700101678950000001139000000000000074220
2303201721032017000000210320170000000609170300101728270000001422000000000000092700
2303201721032017000000210320170000000609177300101688930000000177000000000000009080
2303201721032017000000210320170000000609185900097289950000000672000000000000043820
2303201721032017000000210320170000000609266000101689680000003111000000000000202800
2303201721032017000000210320170000000609295100101740200000003172000000000000206800
2303201721032017000000210320170000000609304900101729230000000342000000000000022300
