2802201724022017000000260220170000000592733900100565520000000611000000000000039800
2802201724022017000000260220170000000592872900100546960000002145000000000000139820
2802201724022017000000260220170000000592912400100527170000000177000000000000008080
2802201724022017000000260220170000000592956000100566300000001135000000000000074000
2802201724022017000000260220170000000593002200100528570000000700000000000000045660
2802201724022017000000260220170000000593055100100568960000000177000000000000010130
2802201724022017000000260220170000000593057900100529360000001841000000000000120015
2802201724022017000000260220170000000593101200100579500000000649000000000000042300
2802201724022017000000260220170000000593133500100600750000000749000000000000048800
2802201724022017000000260220170000000593151400100610860000000782000000000000051000
2802201724022017000000260220170000000593352700100592670000001177000000000000076700
2802201724022017000000260220170000000593425600100594090000000595000000000000038800
2802201724022017000000260220170000000593429300100613480000000672000000000000043800
2802201724022017000000260220170000000593460200100633420000001608000000000000104800
2802201724022017000000260220170000000593468200100585450000000216000000000000014058
2802201724022017000000260220170000000593503300100594720000000284000000000000018540
2802201724022017000000260220170000000593530100100586420000000177000000000000004090
2802201724022017000000260220170000000593653400100605980000008070000000000000526100
2802201724022017000000260220170000000593708200100606140000004721000000000000307740
2802201724022017000000260220170000000593718500100606810000000395000000000000025740
2802201724022017000000260220170000000593752600100588970000000213000000000000013895
2802201724022017000000260220170000000593904800100640450000000177000000000000010500
2802201724022017000000260220170000000593950500100609360000000782000000000000051000
2802201724022017000000260220170000000594461500100654660000001000000000000000065210
2802201724022017000000260220170000000594579200100675940000000595000000000000038800
2802201724022017000000260220170000000594618600100676670000006808000000000000443800
