0404201731032017000000310320170000000614557200101930830000001072000000000000069900
0404201731032017000000310320170000000614859000101997630000002080000000000000135600
0404201731032017000000310320170000000614885600102018410000001899000000000000123800
0404201731032017000000310320170000000614941000102008550000000457000000000000029760
0404201731032017000000310320170000000614944700101998600000002820000000000000183825
0404201731032017000000310320170000000614953700102019230000000778000000000000050700
0404201731032017000000310320170000000614989400102029320000000201000000000000013123
0404201731032017000000310320170000000614991800102050010000002375000000000000154800
0404201731032017000000310320170000000615026200102070230000000706000000000000046000
0404201731032017000000310320170000000615070100102060970000002973000000000000193800
0404201731032017000000310320170000000615146100102051660000000338000000000000022030
0404201731032017000000310320170000000615151300102100200000000785000000000000051200
0404201731032017000000310320170000000615273500102072100000000807000000000000052600
0404201731032017000000310320170000000615274600102091840000000219000000000000014273
0404201731032017000000310320170000000615287900102072420000001407000000000000091700
0404201731032017000000310320170000000615300600102062770000001531000000000000099820
0404201731032017000000310320170000000615320800102072700000000917000000000000059800
0404201731032017000000310320170000000615322800102072770000002897000000000000188825
0404201731032017000000310320170000000615378200102092720000002528000000000000164820
0404201731032017000000310320170000000615431700102093040000000821000000000000053500
0404201731032017000000310320170000000615489700102083740000005124000000000000334000
