0603201702032017000000020320170000000596396000100804140000001071000000000000069800
0603201702032017000000020320170000000596560900100785240000000641000000000000041800
0603201702032017000000020320170000000596641100100795850000002111000000000000137600
0603201702032017000000020320170000000596651800100816110000001914000000000000124800
0603201702032017000000020320170000000596718600100644290000000719000000000000046860
0603201702032017000000020320170000000596840100100766070000000292000000000000019040
0603201702032017000000020320170000000596900500100798170000002473000000000000161200
0603201702032017000000020320170000000596918900100795310000000177000000000000011090
0603201702032017000000020320170000000596922800100788250000001899000000000000123820
0603201702032017000000020320170000000596957600100787160000000209000000000000013630
0603201702032017000000020320170000000597000100100798980000000247000000000000016090
0603201702032017000000020320170000000597147100100830760000000598000000000000039000
0603201702032017000000020320170000000597149100100850640000000483000000000000031510
0603201702032017000000020320170000000597162300100823780000000369000000000000024050
0603201702032017000000020320170000000597207000100816030000000782000000000000051000
0603201702032017000000020320170000000597414200100825660000000270000000000000017600
0603201702032017000000020320170000000597421700100843040000002100000000000000136900
0603201702032017000000020320170000000597430000100825750000000994000000000000064800
0603201702032017000000020320170000000597444600100872090000002204000000000000143700
0603201702032017000000020320170000000597474900100862740000000649000000000000042300
0603201702032017000000020320170000000597512600100872570000001132000000000000073800
0603201702032017000000020320170000000597541100100853280000000220000000000000014350
0603201702032017000000020320170000000597598900100844320000000595000000000000038800
0603201702032017000000020320170000000597630500100863900000000190000000000000012380
