2702201723022017000000230220170000000592094500100458180000000502000000000000032700
2702201723022017000000230220170000000592105000100458460000000726000000000000047300
2702201723022017000000230220170000000592180200100438910000003142000000000000204800
2702201723022017000000230220170000000592181000100459400000003125000000000000203700
2702201723022017000000230220170000000592251000100239410000000571000000000000037220
2702201723022017000000230220170000000592293400100487600000000700000000000000045660
2702201723022017000000230220170000000592349200100505360000001608000000000000104800
2702201723022017000000230220170000000592350100100550960000000177000000000000008000
2702201723022017000000230220170000000592353500100541260000000215000000000000014000
2702201723022017000000230220170000000592367600100561250000000459000000000000029900
2702201723022017000000230220170000000592505100100563260000000177000000000000009540
2702201723022017000000230220170000000592530400098971670000000177000000000000005570
2702201723022017000000230220170000000592674000100555380000001669000000000000108800
2702201723022017000000230220170000000592691100100524650000001899000000000000123800
2702201723022017000000230220170000000592720800100503790000000346000000000000022530
2702201723022017000000230220170000000592722700100545120000000284000000000000018500
2702201723022017000000230220170000000592723900100525250000004676000000000000304800
2702201723022017000000230220170000000592725100100555830000003927000000000000256000
2702201723022017000000230220170000000592887800100566770000001592000000000000103800
2702201723022017000000230220170000000592900300100537390000000578000000000000037700
2702201723022017000000230220170000000592947500100527960000002014000000000000131300
2702201723022017000000230220170000000592975500100548070000000853000000000000055600
2702201723022017000000230220170000000593022100100539840000002014000000000000131300
