2803201724032017000000260320170000000610587000101767440000002623000000000000171000
2803201724032017000000260320170000000610645500101744670000000200000000000000013040
2803201724032017000000260320170000000610650400101778910000001532000000000000099900
2803201724032017000000260320170000000610680700101820070000000177000000000000011050
2803201724032017000000260320170000000610838500101830820000003200000000000000208600
2803201724032017000000260320170000000610846000101811040000001071000000000000069850
2803201724032017000000260320170000000610862000101840960000001976000000000000128800
2803201724032017000000260320170000000610977700101841760000000177000000000000010500
2803201724032017000000260320170000000610997600101841930000000376000000000000024500
2803201724032017000000260320170000000611085800101810280000002727000000000000177800
2803201724032017000000260320170000000611100000101842300000000488000000000000031800
2803201724032017000000260320170000000611104500101852760000000649000000000000042300
2803201724032017000000260320170000000611125700101812460000004676000000000000304800
2803201724032017000000260320170000000611132300101862310000004968000000000000323890
2803201724032017000000260320170000000611138800101862330000002021000000000000131740
2803201724032017000000260320170000000611172800101862480000000302000000000000019700
2803201724032017000000260320170000000611197600101853070000000477000000000000031100
2803201724032017000000260320170000000611237800101843080000000825000000000000053800
2803201724032017000000260320170000000611239100101773900000003797000000000000247520
2803201724032017000000260320170000000611304200101746290000000177000000000000010740
2803201724032017000000260320170000000611308900101833200000002477000000000000161500
2803201724032017000000260320170000000611327100101504070000000177000000000000006890
2803201724032017000000260320170000000611341300101854090000000825000000000000053800
2803201724032017000000260320170000000611415700101814260000003142000000000000204800
2803201724032017000000260320170000000611462200101814630000004814000000000000313800
2803201724032017000000260320170000000611467900101855000000000440000000000000028700
2803201724032017000000260320170000000611496600101834800000003165000000000000206325
2803201724032017000000260320170000000611527600101835210000000749000000000000048800
2803201724032017000000260320170000000611558700101815370000000199000000000000013000
2803201724032017000000260320170000000611770900101846630000000231000000000000015030
2803201724032017000000260320170000000611957400101857980000000261000000000000017000
2803201724032017000000260320170000000611997100101838280000001253000000000000081700
2803201724032017000000260320170000000612249000101891320000000749000000000000048800
