2402201722022017000000220220170000000591451100100416660000005633000000000000367220
2402201722022017000000220220170000000591521500100451630000000457000000000000029800
2402201722022017000000220220170000000591586600100470200000005458000000000000355800
2402201722022017000000220220170000000591605400100429520000003663000000000000238800
2402201722022017000000220220170000000591664900100441850000000457000000000000029800
2402201722022017000000220220170000000591716000100491270000000545000000000000035500
2402201722022017000000220220170000000591975500100474550000003270000000000000213200
2402201722022017000000220220170000000591998900100466690000002588000000000000168700
2402201722022017000000220220170000000592134700100476760000000788000000000000051400
2402201722022017000000220220170000000592268500100530070000001285000000000000083800
