1303201709032017000000090320170000000601111700101083900000000956000000000000062300
1303201709032017000000090320170000000601198600101084780000000177000000000000009835
1303201709032017000000090320170000000601211400101093960000007744000000000000504800
1303201709032017000000090320170000000601344000101086310000001559000000000000101600
1303201709032017000000090320170000000601344200101105130000000177000000000000002590
1303201709032017000000090320170000000601461700101112530000000495000000000000032300
1303201709032017000000090320170000000601471700101096320000003600000000000000234700
1303201709032017000000090320170000000601476500101087500000004522000000000000294800
1303201709032017000000090320170000000601509000101096590000000289000000000000018820
1303201709032017000000090320170000000601547900101130040000002022000000000000131820
1303201709032017000000090320170000000601604600101130850000001532000000000000099900
1303201709032017000000090320170000000601609000101114260000000245000000000000016000
1303201709032017000000090320170000000601619900101114330000001077000000000000070215
1303201709032017000000090320170000000601636500101107900000000479000000000000031200
1303201709032017000000090320170000000601641400101098560000002206000000000000143800
1303201709032017000000090320170000000601708000101115620000000902000000000000058800
1303201709032017000000090320170000000601713500101132490000000331000000000000021600
1303201709032017000000090320170000000601729000101115750000000488000000000000031800
1303201709032017000000090320170000000601860800101134160000002777000000000000181000
1303201709032017000000090320170000000601908800101134650000000488000000000000031800
1303201709032017000000090320170000000601921300101011720000001131000000000000073760
1303201709032017000000090320170000000602001500101161690000003510000000000000228820
1303201709032017000000090320170000000602006100101118220000002070000000000000134925
1303201709032017000000090320170000000602017000101118280000000212000000000000013800
1303201709032017000000090320170000000602021000101143670000001864000000000000121500
1303201709032017000000090320170000000602024100101143530000001532000000000000099900
1303201709032017000000090320170000000602080700101136740000001349000000000000087920
1303201709032017000000090320170000000602084600101136780000001132000000000000073800
1303201709032017000000090320170000000602103700101118600000001209000000000000078800
1303201709032017000000090320170000000602137700101163480000000192000000000000012500
1303201709032017000000090320170000000602140800100991330000000902000000000000058800
1303201709032017000000090320170000000602209800101155460000000486000000000000031700
1303201709032017000000090320170000000602214900101146030000000595000000000000038800
1303201709032017000000090320170000000602231400101164690000002528000000000000164820
1303201709032017000000090320170000000602234800101155640000001281000000000000083500
1303201709032017000000090320170000000602329300101180700000001042000000000000067920
1303201709032017000000090320170000000602439000100880370000000177000000000000003497
