1004201706042017000000060420170000000618312300102189880000002470000000000000161000
1004201706042017000000060420170000000618427100102229810000003297000000000000214900
1004201706042017000000060420170000000618498500102241100000000177000000000000003090
1004201706042017000000060420170000000618515300102250600000002052000000000000133800
1004201706042017000000060420170000000618551000102250830000000726000000000000047300
1004201706042017000000060420170000000618560400102260770000001792000000000000116800
1004201706042017000000060420170000000618562900102270490000006727000000000000438550
1004201706042017000000060420170000000618582000102270760000001516000000000000098800
1004201706042017000000060420170000000618590600102232590000006130000000000000399600
1004201706042017000000060420170000000618612900102251530000000310000000000000020200
1004201706042017000000060420170000000618615700102241950000001592000000000000103800
1004201706042017000000060420170000000618635800102271220000000348000000000000022700
1004201706042017000000060420170000000618640600102251790000000177000000000000000490
1004201706042017000000060420170000000618643400102233000000000825000000000000053800
1004201706042017000000060420170000000618643500102232900000000307000000000000020000
1004201706042017000000060420170000000618695200102281370000000723000000000000047100
1004201706042017000000060420170000000618734900102233960000001324000000000000086300
1004201706042017000000060420170000000618778500102380070000000916000000000000059700
1004201706042017000000060420170000000618912100102391060000000364000000000000023700
1004201706042017000000060420170000000618933000102391170000004119000000000000268500
1004201706042017000000060420170000000618977600102401570000001654000000000000107820
1004201706042017000000060420170000000619024400102381610000002490000000000000162300
1004201706042017000000060420170000000619035600102392010000006670000000000000434800
1004201706042017000000060420170000000619073300102362260000000350000000000000022800
1004201706042017000000060420170000000619108800102390860000000350000000000000022800
1004201706042017000000060420170000000619111500102362660000000256000000000000016700
1004201706042017000000060420170000000619145100102372980000000256000000000000016700
1004201706042017000000060420170000000619158900102402990000001955000000000000127415
1004201706042017000000060420170000000619218600102373630000000841000000000000054800
1004201706042017000000060420170000000619240200102403670000001993000000000000129900
1004201706042017000000060420170000000619240400102373680000000238000000000000015500
1004201706042017000000060420170000000619241200102393890000000792000000000000051600
1004201706042017000000060420170000000619259200102403880000001179000000000000076865
1004201706042017000000060420170000000619278700102364170000002564000000000000167124
1004201706042017000000060420170000000619285700102404220000001379000000000000089900
1004201706042017000000060420170000000619289000102393690000000919000000000000059900
1004201706042017000000060420170000000619321000102384070000000351000000000000022900
