1704201711042017000000110420170000000621178000102509280000000177000000000000006200
1704201711042017000000110420170000000621249900102550550000001404000000000000091500
1704201711042017000000110420170000000621289800102552960000000269000000000000017520
1704201711042017000000110420170000000621352500102534800000000717000000000000046720
1704201711042017000000110420170000000621419700102574760000000308000000000000020090
1704201711042017000000110420170000000621436800102565730000003074000000000000200360
1704201711042017000000110420170000000621493400085137390000000219000000000000014250
1704201711042017000000110420170000000621617000102569140000002503000000000000163200
1704201711042017000000110420170000000621620700102600170000001409000000000000091820
1704201711042017000000110420170000000621623900102579110000002503000000000000163200
1704201711042017000000110420170000000621643800102538880000004071000000000000265360
1704201711042017000000110420170000000621663400102620370000000672000000000000043800
1704201711042017000000110420170000000621672900102610710000000252000000000000016400
1704201711042017000000110420170000000621696700097782830000000249000000000000016220
1704201711042017000000110420170000000621700900102640180000003025000000000000197200
1704201711042017000000110420170000000621705400102592550000002060000000000000134315
1704201711042017000000110420170000000621715300102592760000000762000000000000049700
1704201711042017000000110420170000000621717200102630970000003180000000000000207300
1704201711042017000000110420170000000621718600102630990000003991000000000000260200
1704201711042017000000110420170000000621719400102593020000004232000000000000275860
1704201711042017000000110420170000000621729600102621720000000526000000000000034300
1704201711042017000000110420170000000621732700102622320000004071000000000000265360
1704201711042017000000110420170000000621733800102631300000003567000000000000232540
1704201711042017000000110420170000000621736800102534250000001285000000000000083800
1704201711042017000000110420170000000621742600102622630000002145000000000000139820
1704201711042017000000110420170000000621746700102621370000001379000000000000089900
1704201711042017000000110420170000000621749000102631760000000902000000000000058800
1704201711042017000000110420170000000621749100102593850000002275000000000000148320
1704201711042017000000110420170000000621754600102623080000001040000000000000067820
1704201711042017000000110420170000000621756500102641750000004594000000000000299500
1704201711042017000000110420170000000621758200102623300000001285000000000000083800
1704201711042017000000110420170000000621759300102612790000007304000000000000476120
1704201711042017000000110420170000000621764600102603610000001776000000000000115800
1704201711042017000000110420170000000621766500102594610000001822000000000000118800
1704201711042017000000110420170000000621768700102623600000002338000000000000152392
1704201711042017000000110420170000000621776700102623980000005455000000000000355575
1704201711042017000000110420170000000621779200102594800000001560000000000000101700
1704201711042017000000110420170000000621781100102604060000000342000000000000022300
1704201711042017000000110420170000000621787300102604310000001609000000000000104900
1704201711042017000000110420170000000621788500102595360000000587000000000000038250
1704201711042017000000110420170000000621790900102624540000001822000000000000118800
1704201711042017000000110420170000000621794600102643290000002459000000000000160320
1704201711042017000000110420170000000621795200102603250000003547000000000000231200
1704201711042017000000110420170000000621803000102613320000007046000000000000459330
1704201711042017000000110420170000000621807300083432110000000177000000000000005900
1704201711042017000000110420170000000621808700102643740000001397000000000000091100
1704201711042017000000110420170000000621818700102605210000002246000000000000146440
1704201711042017000000110420170000000621821400102644510000002014000000000000131300
1704201711042017000000110420170000000621823500102614980000002815000000000000183500
1704201711042017000000110420170000000621823800102596790000000316000000000000020600
1704201711042017000000110420170000000621843400102635070000002244000000000000146300
1704201711042017000000110420170000000621853000102588780000002508000000000000163500
1704201711042017000000110420170000000621859500102591790000001123000000000000073200
1704201711042017000000110420170000000621860800102627290000001609000000000000104860
1704201711042017000000110420170000000621886500102646590000006926000000000000451525
1704201711042017000000110420170000000621889800102617180000003900000000000000254220
1704201711042017000000110420170000000621889900102617150000002064000000000000134550
1704201711042017000000110420170000000621893100102646730000013576000000000000885000
1704201711042017000000110420170000000621935400102618110000001397000000000000091100
1704201711042017000000110420170000000621944700102629240000002163000000000000141030
1704201711042017000000110420170000000621963900102650410000000177000000000000010900
1704201711042017000000110420170000000621965300102609180000000400000000000000026100
1704201711042017000000110420170000000621966100102629400000001379000000000000089900
1704201711042017000000110420170000000621978600102650690000000295000000000000019200
1704201711042017000000110420170000000621988700102609860000001470000000000000095800
1704201711042017000000110420170000000622001500102619310000004151000000000000270600
1704201711042017000000110420170000000622006700102649010000002623000000000000171000
1704201711042017000000110420170000000622019700102670140000002777000000000000181000
1704201711042017000000110420170000000622039900102622080000000199000000000000013000
1704201711042017000000110420170000000622048600102609780000002221000000000000144800
1704201711042017000000110420170000000622050500102651910000000672000000000000043800
1704201711042017000000110420170000000622053900102650880000001899000000000000123800
1704201711042017000000110420170000000622059800102648680000002092000000000000136400
1704201711042017000000110420170000000622062000102651990000014676000000000000956700
1704201711042017000000110420170000000622063600102649950000002092000000000000136400
1704201711042017000000110420170000000622066800102690030000002092000000000000136400
1704201711042017000000110420170000000622071800102618170000000177000000000000006590
1704201711042017000000110420170000000622076200102690050000009787000000000000637990
1704201711042017000000110420170000000622077800102670590000000345000000000000022500
1704201711042017000000110420170000000622080400102661280000001646000000000000107300
1704201711042017000000110420170000000622092200102639200000000219000000000000014250
1704201711042017000000110420170000000622097200102671580000002843000000000000185300
1704201711042017000000110420170000000622109900102681180000002689000000000000175320
1704201711042017000000110420170000000622114400102670890000001054000000000000068700
1704201711042017000000110420170000000622120100102662000000001592000000000000103800
1704201711042017000000110420170000000622122500082046950000007365000000000000480120
1704201711042017000000110420170000000622125200102653060000001022000000000000066640
1704201711042017000000110420170000000622145800102671830000005765000000000000375800
1704201711042017000000110420170000000622159400102653600000009040000000000000589320
1704201711042017000000110420170000000622182800102682270000002260000000000000147300
1704201711042017000000110420170000000622183600102653330000002014000000000000131315
1704201711042017000000110420170000000622186100102682340000000518000000000000033800
1704201711042017000000110420170000000622224100102654420000000305000000000000019900
1704201711042017000000110420170000000622233100102683040000000177000000000000009700
1704201711042017000000110420170000000622254200102692940000003274000000000000213400
1704201711042017000000110420170000000622266400102664480000000645000000000000042065
1704201711042017000000110420170000000622278600102135480000000626000000000000040800
1704201711042017000000110420170000000622278700102683830000000459000000000000029940
1704201711042017000000110420170000000622292600102683970000010584000000000000689960
1704201711042017000000110420170000000622295000102693660000000460000000000000030000
1704201711042017000000110420170000000622306200102665350000004158000000000000271075
1704201711042017000000110420170000000622329000102684960000002930000000000000191000
1704201711042017000000110420170000000622345100102703370000003372000000000000219800
1704201711042017000000110420170000000622346900102656740000002237000000000000145800
1704201711042017000000110420170000000622369100102676460000001868000000000000121800
1704201711042017000000110420170000000622407400102658090000002508000000000000163500
1704201711042017000000110420170000000622413800102564750000000588000000000000038320
1704201711042017000000110420170000000622442600102696740000000232000000000000015100
1704201711042017000000110420170000000622447500102705450000001856000000000000121000
1704201711042017000000110420170000000622467600102697560000000196000000000000012800
1704201711042017000000110420170000000622483100102688990000001592000000000000103800
1704201711042017000000110420170000000622543600102709070000001362000000000000088820
