2302201721022017000000210220170000000589847500100361110000000565000000000000036800
2302201721022017000000210220170000000589872700100361170000000351000000000000022900
2302201721022017000000210220170000000590159700100375000000001362000000000000088815
2302201721022017000000210220170000000590279200100357240000001549000000000000101000
2302201721022017000000210220170000000590308100100387360000000330000000000000021500
2302201721022017000000210220170000000590352000100368720000001592000000000000103800
2302201721022017000000210220170000000590381200100388640000000595000000000000038800
2302201721022017000000210220170000000590519400100402200000000571000000000000037200
2302201721022017000000210220170000000590539500100420830000000199000000000000013000
2302201721022017000000210220170000000590568900100421000000000177000000000000004990
2302201721022017000000210220170000000590584000100369770000000552000000000000035990
2302201721022017000000210220170000000590594300100402560000001592000000000000103800
2302201721022017000000210220170000000590636400100440980000000333000000000000021700
2302201721022017000000210220170000000590675900100431820000000594000000000000038700
2302201721022017000000210220170000000590757300100309350000001132000000000000073800
2302201721022017000000210220170000000590780900100442640000000259000000000000016900
2302201721022017000000210220170000000590787800100432990000005869000000000000382590
2302201721022017000000210220170000000590798000100395000000001500000000000000097800
2302201721022017000000210220170000000590838300100442770000000229000000000000014900
2302201721022017000000210220170000000590859400100423530000000214000000000000013930
2302201721022017000000210220170000000590861000100312030000000517000000000000033700
2302201721022017000000210220170000000590900900100414030000000853000000000000055600
2302201721022017000000210220170000000590922700100393390000001729000000000000112700
2302201721022017000000210220170000000590940400100414520000000321000000000000020930
2302201721022017000000210220170000000590947700100405630000000177000000000000011340
2302201721022017000000210220170000000590956700100424500000003586000000000000233800
2302201721022017000000210220170000000590974000100414970000000177000000000000010000
2302201721022017000000210220170000000591015100100440160000000259000000000000016900
2302201721022017000000210220170000000591043200100416100000000177000000000000001490
2302201721022017000000210220170000000591058900100416280000000979000000000000063800
2302201721022017000000210220170000000591068000100446240000000177000000000000010900
2302201721022017000000210220170000000591068100100446230000001592000000000000103800
2302201721022017000000210220170000000591151900100398650000000177000000000000008100
2302201721022017000000210220170000000591267500100447270000000839000000000000054700
2302201721022017000000210220170000000591408000100448410000002052000000000000133800
2302201721022017000000210220170000000591447300100413420000000305000000000000019900
