0103201727022017000000270220170000000593585100100634560000001055000000000000068800
0103201727022017000000270220170000000593715300100606770000001439000000000000093820
0103201727022017000000270220170000000594097300100642380000000192000000000000012500
0103201727022017000000270220170000000594121900100680840000000907000000000000059100
0103201727022017000000270220170000000594177400100671300000002773000000000000180800
0103201727022017000000270220170000000594185100100690410000000517000000000000033720
0103201727022017000000270220170000000594202800100643950000000472000000000000030800
0103201727022017000000270220170000000594206200100661720000000488000000000000031800
0103201727022017000000270220170000000594211700100682040000000950000000000000061960
0103201727022017000000270220170000000594215900100690870000001592000000000000103800
0103201727022017000000270220170000000594320100100673180000000717000000000000046760
0103201727022017000000270220170000000594360700100673490000002022000000000000131820
0103201727022017000000270220170000000594441500100674120000001885000000000000122900
0103201727022017000000270220170000000594469100100674390000001755000000000000114400
0103201727022017000000270220170000000594510100100665360000001898000000000000123700
0103201727022017000000270220170000000594510800100674950000000726000000000000047300
0103201727022017000000270220170000000594512200100655050000000177000000000000009760
0103201727022017000000270220170000000594527900100685760000003107000000000000202574
0103201727022017000000270220170000000594540400100648040000001998000000000000130220
0103201727022017000000270220170000000594563500100136280000000193000000000000012590
0103201727022017000000270220170000000594564800100695480000000518000000000000033800
0103201727022017000000270220170000000594614400100676570000003617000000000000235800
0103201727022017000000270220170000000594615500100687140000000571000000000000037200
0103201727022017000000270220170000000594722900100678520000001638000000000000106800
0103201727022017000000270220170000000594809500100698340000000957000000000000062400
0103201727022017000000270220170000000595029800100721070000001592000000000000103800
0103201727022017000000270220170000000595032800100750770000001285000000000000083800
0103201727022017000000270220170000000595033600100477400000001132000000000000073800
0103201727022017000000270220170000000595043300100721160000000649000000000000042300
0103201727022017000000270220170000000595135100100722110000000478000000000000031130
0103201727022017000000270220170000000595290600100723930000000971000000000000063300
