3103201729032017000000290320170000000612826400101877050000000380000000000000024800
3103201729032017000000290320170000000612952200101867340000003428000000000000223500
3103201729032017000000290320170000000613009900101927700000002052000000000000133800
3103201729032017000000290320170000000613562400101980230000000177000000000000009600
3103201729032017000000290320170000000613569700100225230000000323000000000000021050
3103201729032017000000290320170000000613602300101961400000004123000000000000268800
3103201729032017000000290320170000000613607500101941970000001669000000000000108800
3103201729032017000000290320170000000613630800101875980000000934000000000000060900
3103201729032017000000290320170000000613636800101951740000001532000000000000099900
3103201729032017000000290320170000000613647100101961490000005923000000000000386120
3103201729032017000000290320170000000613655700101980730000002711000000000000176700
3103201729032017000000290320170000000613687500101971540000000553000000000000036065
3103201729032017000000290320170000000613707000101961880000001730000000000000112800
3103201729032017000000290320170000000613717000101942630000004982000000000000324740
3103201729032017000000290320170000000613722600101933050000000841000000000000054800
3103201729032017000000290320170000000613802300101972570000001396000000000000091000
3103201729032017000000290320170000000613812300101972720000001144000000000000074553
3103201729032017000000290320170000000613820200101962990000004353000000000000283800
3103201729032017000000290320170000000613822100101981970000000794000000000000051750
3103201729032017000000290320170000000613880000102000360000003165000000000000206325
3103201729032017000000290320170000000613901600102020530000000211000000000000013740
3103201729032017000000290320170000000613961400101889840000004774000000000000311200
3103201729032017000000290320170000000613964300101726030000000177000000000000000100
3103201729032017000000290320170000000614008600102041210000002206000000000000143800
3103201729032017000000290320170000000614025600102011240000000177000000000000009090
3103201729032017000000290320170000000614106200102011870000000368000000000000024000
3103201729032017000000290320170000000614141800102031590000000356000000000000023230
3103201729032017000000290320170000000614142900102002270000001592000000000000103800
3103201729032017000000290320170000000614211400101992410000000617000000000000040200
3103201729032017000000290320170000000614222800102002140000009247000000000000602800
3103201729032017000000290320170000000614281400102022930000000571000000000000037200
