0903201707032017000000070320170000000599473900100978340000000612000000000000039920
0903201707032017000000070320170000000599978600101042360000000224000000000000014600
0903201707032017000000070320170000000600017100101014350000000177000000000000005360
0903201707032017000000070320170000000600018600101023610000001009000000000000065800
0903201707032017000000070320170000000600026900101050300000000177000000000000006882
0903201707032017000000070320170000000600044400101006220000001163000000000000075810
0903201707032017000000070320170000000600052500101050480000000177000000000000007739
0903201707032017000000070320170000000600063700101050640000000595000000000000038800
0903201707032017000000070320170000000600086300101033670000001684000000000000109800
0903201707032017000000070320170000000600113300100947440000000718000000000000046800
0903201707032017000000070320170000000600141900101025220000001684000000000000109800
0903201707032017000000070320170000000600483400101036900000000177000000000000007080
0903201707032017000000070320170000000600577500101018050000000177000000000000005890
0903201707032017000000070320170000000600697500101029490000000488000000000000031800
0903201707032017000000070320170000000600722800101055210000001592000000000000103800
0903201707032017000000070320170000000600756400101055390000000733000000000000047800
0903201707032017000000070320170000000600764900101048740000003432000000000000223700
0903201707032017000000070320170000000600812900101049820000000749000000000000048800
