2403201722032017000000220320170000000608877200101716900000000994000000000000064800
2403201722032017000000220320170000000608880400101677240000000825000000000000053800
2403201722032017000000220320170000000609040100101718110000000261000000000000017000
2403201722032017000000220320170000000609051100101697690000003551000000000000231500
2403201722032017000000220320170000000609148900101698060000003544000000000000231000
2403201722032017000000220320170000000609215600101699100000000782000000000000051000
2403201722032017000000220320170000000609249800101728980000000614000000000000040000
2403201722032017000000220320170000000609294200101732720000000902000000000000058800
2403201722032017000000220320170000000609302700101732730000000414000000000000027000
2403201722032017000000220320170000000609331700101729980000001655000000000000107900
2403201722032017000000220320170000000609336800101760250000000314000000000000020500
2403201722032017000000220320170000000609339900101770580000002068000000000000134800
2403201722032017000000220320170000000609593300101782330000000488000000000000031800
2403201722032017000000220320170000000609600600101782350000000831000000000000054200
2403201722032017000000220320170000000609623700101743050000001914000000000000124800
2403201722032017000000220320170000000609639300101735470000001332000000000000086800
2403201722032017000000220320170000000609665400101753080000000476000000000000031000
2403201722032017000000220320170000000609708500101762600000000177000000000000009060
2403201722032017000000220320170000000609768900101743730000000379000000000000024700
2403201722032017000000220320170000000609804000101762810000000200000000000000013040
2403201722032017000000220320170000000609863600101763650000000330000000000000021500
2403201722032017000000220320170000000609880900101744540000000392000000000000025530
2403201722032017000000220320170000000609907600101754870000000867000000000000056500
2403201722032017000000220320170000000609942700101764050000000488000000000000031800
