0203201728022017000000280220170000000593930700100628790000001557000000000000101475
0203201728022017000000280220170000000593943800100619080000001262000000000000082300
0203201728022017000000280220170000000594008000100583340000000657000000000000042800
0203201728022017000000280220170000000594094200100660480000000421000000000000027450
0203201728022017000000280220170000000594218100100690880000000483000000000000031500
0203201728022017000000280220170000000594236000100691240000001592000000000000103800
0203201728022017000000280220170000000594238900100682430000000701000000000000045700
0203201728022017000000280220170000000594332200100673310000000725000000000000047230
0203201728022017000000280220170000000594362400100683920000000177000000000000009950
0203201728022017000000280220170000000594441300100654350000001056000000000000068835
0203201728022017000000280220170000000594549900100655680000000700000000000000045660
0203201728022017000000280220170000000594599600100676250000000486000000000000031700
0203201728022017000000280220170000000594602500100676300000000870000000000000056700
0203201728022017000000280220170000000594662000100687960000002950000000000000192300
0203201728022017000000280220170000000594698200100668320000001982000000000000129225
0203201728022017000000280220170000000594808500100679120000000724000000000000047200
0203201728022017000000280220170000000594899700100678930000000244000000000000015918
0203201728022017000000280220170000000594946500100659610000000994000000000000064800
0203201728022017000000280220170000000594981200100730390000001298000000000000084600
0203201728022017000000280220170000000594983200100730330000000177000000000000003090
0203201728022017000000280220170000000594985900100703170000001899000000000000123800
0203201728022017000000280220170000000594999800100678760000003740000000000000243800
0203201728022017000000280220170000000595012500100740250000001055000000000000068800
0203201728022017000000280220170000000595026100100698380000001839000000000000119900
0203201728022017000000280220170000000595065700100721310000000177000000000000004090
0203201728022017000000280220170000000595115500100689960000003369000000000000219600
0203201728022017000000280220170000000595120200100704700000001545000000000000100700
0203201728022017000000280220170000000595128600100731760000000611000000000000039800
0203201728022017000000280220170000000595132400100722010000001899000000000000123800
0203201728022017000000280220170000000595143600100712420000002835000000000000184800
0203201728022017000000280220170000000595156100100722190000000177000000000000006050
0203201728022017000000280220170000000595224800100722970000000380000000000000024800
0203201728022017000000280220170000000595259400100723330000000313000000000000020400
0203201728022017000000280220170000000595271300100723710000001261000000000000082200
0203201728022017000000280220170000000595324200100707260000003142000000000000204800
0203201728022017000000280220170000000595328800100734120000000641000000000000041800
0203201728022017000000280220170000000595498100100735440000003619000000000000235900
0203201728022017000000280220170000000595529200100745920000000982000000000000064000
0203201728022017000000280220170000000595541100100756080000003863000000000000251800
0203201728022017000000280220170000000595549100100716660000000646000000000000042130
0203201728022017000000280220170000000595555900100746170000000177000000000000003692
0203201728022017000000280220170000000595564100100708950000003068000000000000200000
0203201728022017000000280220170000000595568100100746270000000430000000000000028000
0203201728022017000000280220170000000595568600100756040000000177000000000000005590
0203201728022017000000280220170000000595571700100736270000000199000000000000013000
0203201728022017000000280220170000000595581100100736490000000177000000000000006470
0203201728022017000000280220170000000595593300100727080000002608000000000000170015
0203201728022017000000280220170000000595606200100716900000001381000000000000090000
0203201728022017000000280220170000000595879800100737510000001223000000000000079700
0203201728022017000000280220170000000595880300100747540000000212000000000000013840
0203201728022017000000280220170000000595895300100737580000000244000000000000015900
0203201728022017000000280220170000000595901300100728380000001227000000000000080000
0203201728022017000000280220170000000595914700100718550000000920000000000000060000
0203201728022017000000280220170000000595919100100760760000001534000000000000100000
0203201728022017000000280220170000000595936800100758060000000537000000000000035000
0203201728022017000000280220170000000595970400100728730000000767000000000000050000
0203201728022017000000280220170000000596019100100758370000000476000000000000031000
0203201728022017000000280220170000000596048300100660670000000177000000000000010000
0203201728022017000000280220170000000596078600100739280000007504000000000000489150
0203201728022017000000280220170000000596125200100770720000005522000000000000360000
0203201728022017000000280220170000000596127300100790250000000177000000000000010330
0203201728022017000000280220170000000596138100100790420000001994000000000000130000
0203201728022017000000280220170000000596173000100763810000002819000000000000183800
0203201728022017000000280220170000000596181200100810660000001790000000000000116700
