2102201717022017000000190220170000000588344200100221220000000177000000000000004990
2102201717022017000000190220170000000588349000100211040000000177000000000000003792
2102201717022017000000190220170000000588358500100251420000000649000000000000042300
2102201717022017000000190220170000000588467500100232400000000177000000000000009980
2102201717022017000000190220170000000588492700100232480000000183000000000000011900
2102201717022017000000190220170000000588618600100253940000000210000000000000013700
2102201717022017000000190220170000000588652900100253060000000177000000000000010660
2102201717022017000000190220170000000588713300100265740000001131000000000000073700
2102201717022017000000190220170000000588715600100235130000000177000000000000006184
2102201717022017000000190220170000000588738300100225540000001822000000000000118800
2102201717022017000000190220170000000588745400100235210000008472000000000000552300
2102201717022017000000190220170000000588747400100225640000002051000000000000133700
2102201717022017000000190220170000000588781800100236600000000980000000000000063860
2102201717022017000000190220170000000588800300100236920000002022000000000000131820
2102201717022017000000190220170000000588801300100256550000001399000000000000091200
2102201717022017000000190220170000000588802100100246390000000177000000000000004580
2102201717022017000000190220170000000588808600100246900000000177000000000000003992
2102201717022017000000190220170000000588815400100218100000000479000000000000031200
2102201717022017000000190220170000000588829700100237760000002086000000000000136000
2102201717022017000000190220170000000588836200100214810000002887000000000000188215
2102201717022017000000190220170000000588841100100257540000000629000000000000040980
2102201717022017000000190220170000000588847900095060530000000629000000000000041000
2102201717022017000000190220170000000588852000100227690000000341000000000000022200
2102201717022017000000190220170000000588863200100268680000000997000000000000065000
2102201717022017000000190220170000000588880200100049050000000427000000000000027850
2102201717022017000000190220170000000588946100100259570000000177000000000000001600
2102201717022017000000190220170000000588967300100137090000000672000000000000043800
2102201717022017000000190220170000000589009600100271420000002761000000000000180015
2102201717022017000000190220170000000589035000100320590000001710000000000000111500
2102201717022017000000190220170000000589044500100291260000003011000000000000196300
2102201717022017000000190220170000000589082900100281480000001608000000000000104800
2102201717022017000000190220170000000589086400099620430000000295000000000000019200
2102201717022017000000190220170000000589119000100272640000000782000000000000051000
2102201717022017000000190220170000000589268000100313680000002761000000000000180015
2102201717022017000000190220170000000589281400100313950000001405000000000000091600
2102201717022017000000190220170000000589281900100272720000001132000000000000073800
2102201717022017000000190220170000000589284700100293900000000342000000000000022300
2102201717022017000000190220170000000589365900100324050000001654000000000000107820
2102201717022017000000190220170000000589436300100285870000000980000000000000063860
2102201717022017000000190220170000000589457200100316610000001131000000000000073700
2102201717022017000000190220170000000589461800100296290000005580000000000000363740
2102201717022017000000190220170000000589465600100286450000000284000000000000018500
2102201717022017000000190220170000000589473200100306560000001592000000000000103800
2102201717022017000000190220170000000589480600100277770000000540000000000000035200
2102201717022017000000190220170000000589513500100297180000000177000000000000010900
2102201717022017000000190220170000000589673000100299180000001253000000000000081700
2102201717022017000000190220170000000589679600100330320000001100000000000000071700
2102201717022017000000190220170000000589706800100309890000000486000000000000031700
2102201717022017000000190220170000000589718700100350120000002359000000000000153800
2102201717022017000000190220170000000589760500100329240000001132000000000000073800
2102201717022017000000190220170000000589793200100370100000000177000000000000010384
2102201717022017000000190220170000000589945800100333870000001746000000000000113800
2102201717022017000000190220170000000590154600100334140000000229000000000000014900
2102201717022017000000190220170000000590234200100376150000000649000000000000042300
2102201717022017000000190220170000000590255100100347950000000937000000000000061050
2102201717022017000000190220170000000590343200100378080000000194000000000000012640
