2202201720022017000000200220170000000589234900100274000000001132000000000000073800
2202201720022017000000200220170000000589286800100274730000006210000000000000404820
2202201720022017000000200220170000000589367500100275740000000531000000000000034638
2202201720022017000000200220170000000589509300100287200000000284000000000000018500
2202201720022017000000200220170000000589695800100257860000000177000000000000010950
2202201720022017000000200220170000000589697300100289260000002930000000000000191000
2202201720022017000000200220170000000589741000100299330000000518000000000000033790
2202201720022017000000200220170000000589742500100340490000000322000000000000021000
2202201720022017000000200220170000000589759700100289720000001439000000000000093800
2202201720022017000000200220170000000589770200100329410000006323000000000000412200
2202201720022017000000200220170000000589820500100380100000001532000000000000099900
2202201720022017000000200220170000000589868000100332610000000312000000000000020370
2202201720022017000000200220170000000589871700100342080000003479000000000000226800
2202201720022017000000200220170000000589872300100342140000002299000000000000149900
2202201720022017000000200220170000000589887000100342240000002206000000000000143800
2202201720022017000000200220170000000589915800100361910000003142000000000000204800
2202201720022017000000200220170000000589961300100334010000000425000000000000027700
2202201720022017000000200220170000000589996800100372500000000485000000000000031600
2202201720022017000000200220170000000589997800100382550000000486000000000000031700
2202201720022017000000200220170000000589998900100329420000002375000000000000154800
2202201720022017000000200220170000000590037700100383280000001409000000000000091820
2202201720022017000000200220170000000590144400100374680000002958000000000000192800
2202201720022017000000200220170000000590148400100365400000001954000000000000127400
2202201720022017000000200220170000000590161200100346530000001592000000000000103800
2202201720022017000000200220170000000590182600100385260000000368000000000000023980
2202201720022017000000200220170000000590189300100346920000002950000000000000192300
2202201720022017000000200220170000000590204700100375500000000284000000000000018500
2202201720022017000000200220170000000590207500100356170000000291000000000000019000
2202201720022017000000200220170000000590250400100364800000000177000000000000004990
2202201720022017000000200220170000000590250500100338280000001077000000000000070200
2202201720022017000000200220170000000590250600100366740000001608000000000000104800
2202201720022017000000200220170000000590252200100347820000001976000000000000128800
2202201720022017000000200220170000000590254600100356820000000518000000000000033800
2202201720022017000000200220170000000590256200100376520000000841000000000000054815
2202201720022017000000200220170000000590261500100356870000004024000000000000262300
2202201720022017000000200220170000000590291300100367390000000387000000000000025200
2202201720022017000000200220170000000590333100100368160000000535000000000000034900
2202201720022017000000200220170000000590337700100349680000001332000000000000086800
2202201720022017000000200220170000000590354100100368730000000177000000000000010090
2202201720022017000000200220170000000590364600100353020000002574000000000000167800
2202201720022017000000200220170000000590374300100359330000004301000000000000280350
2202201720022017000000200220170000000590383400100362920000000177000000000000006990
2202201720022017000000200220170000000590572300100393110000000319000000000000020800
2202201720022017000000200220170000000590598200100411460000000244000000000000015900
2202201720022017000000200220170000000590603100100411530000000213000000000000013900
2202201720022017000000200220170000000590686200100403600000000442000000000000028800
2202201720022017000000200220170000000590697500100441760000001131000000000000073700
2202201720022017000000200220170000000590714000100431960000001592000000000000103800
2202201720022017000000200220170000000590752500100412710000003126000000000000203800
2202201720022017000000200220170000000590768700100442560000002522000000000000164400
2202201720022017000000200220170000000590855600100147590000000437000000000000028500
