3003201728032017000000280320170000000612773200101925520000000465000000000000030300
3003201728032017000000280320170000000612815800101886120000001147000000000000074800
3003201728032017000000280320170000000612867600101896760000000476000000000000031000
3003201728032017000000280320170000000612906600101877490000000749000000000000048800
3003201728032017000000280320170000000612941300101877890000000180000000000000011760
3003201728032017000000280320170000000612984200101917070000000231000000000000015030
3003201728032017000000280320170000000612987000101898130000002268000000000000147820
3003201728032017000000280320170000000613015000101917540000002144000000000000139740
3003201728032017000000280320170000000613023500101917700000002758000000000000179820
3003201728032017000000280320170000000613039000101878780000000284000000000000018500
3003201728032017000000280320170000000613095700101928590000000177000000000000002400
3003201728032017000000280320170000000613186500101918920000001132000000000000073800
3003201728032017000000280320170000000613249400101889700000000177000000000000010000
3003201728032017000000280320170000000613376300101930730000003715000000000000242200
3003201728032017000000280320170000000613434100101960410000001862000000000000121400
3003201728032017000000280320170000000613434800101970170000003165000000000000206325
3003201728032017000000280320170000000613463200101909730000000177000000000000007702
3003201728032017000000280320170000000613485500101970140000000416000000000000027125
3003201728032017000000280320170000000613492100101970450000002988000000000000194800
3003201728032017000000280320170000000613502600101941310000001297000000000000084565
3003201728032017000000280320170000000613540700101960990000000672000000000000043800
3003201728032017000000280320170000000613693300101971580000001409000000000000091820
