1503201713032017000000130320170000000603003100101241360000008328000000000000542900
1503201713032017000000130320170000000603050500101232760000002804000000000000182800
1503201713032017000000130320170000000603092200101228030000002267000000000000147780
1503201713032017000000130320170000000603122100101202390000002181000000000000142200
1503201713032017000000130320170000000603333400101272320000001532000000000000099900
1503201713032017000000130320170000000603392300101263230000001532000000000000099900
1503201713032017000000130320170000000603439600101238270000007072000000000000461000
1503201713032017000000130320170000000603466200101264030000002359000000000000153800
1503201713032017000000130320170000000603468300101274100000000379000000000000024700
1503201713032017000000130320170000000603501100101284010000002470000000000000161000
1503201713032017000000130320170000000603507200101284400000002052000000000000133800
1503201713032017000000130320170000000603507900101284060000004294000000000000279930
1503201713032017000000130320170000000603562500101258890000001379000000000000089910
1503201713032017000000130320170000000603565300101249980000002326000000000000151600
1503201713032017000000130320170000000603581100101259280000001532000000000000099900
1503201713032017000000130320170000000603592900101275750000000611000000000000039800
1503201713032017000000130320170000000603620400101310220000004564000000000000297530
1503201713032017000000130320170000000603711400101302660000000710000000000000046315
1503201713032017000000130320170000000603762200101269110000000956000000000000062300
1503201713032017000000130320170000000603785800101269490000000495000000000000032300
1503201713032017000000130320170000000603807200101294180000000649000000000000042300
1503201713032017000000130320170000000603809500101304040000000177000000000000009100
1503201713032017000000130320170000000603814700101304150000001301000000000000084800
1503201713032017000000130320170000000603857000101313070000000595000000000000038800
1503201713032017000000130320170000000603873600101294890000000177000000000000010050
1503201713032017000000130320170000000603889000101321040000000749000000000000048800
1503201713032017000000130320170000000603896400101340100000010058000000000000655700
1503201713032017000000130320170000000603903200101314640000000302000000000000019700
1503201713032017000000130320170000000603924200101162830000000430000000000000028000
1503201713032017000000130320170000000603941900101315310000000177000000000000000500
1503201713032017000000130320170000000603957200101321650000006637000000000000432685
1503201713032017000000130320170000000603965000101296770000001197000000000000078051
1503201713032017000000130320170000000603983200101316440000000253000000000000016500
1503201713032017000000130320170000000604004900101342590000000305000000000000019900
1503201713032017000000130320170000000604011800101256810000000177000000000000010500
1503201713032017000000130320170000000604027500101298130000000200000000000000013040
1503201713032017000000130320170000000604032900101317620000000979000000000000063800
1503201713032017000000130320170000000604044700101308090000001532000000000000099900
1503201713032017000000130320170000000604070400101308550000004935000000000000321700
1503201713032017000000130320170000000604190800101325190000002895000000000000188700
1503201713032017000000130320170000000604231500101319350000002052000000000000133800
1503201713032017000000130320170000000604257400101350450000001072000000000000069900
1503201713032017000000130320170000000604277900101345570000000324000000000000021090
1503201713032017000000130320170000000604378100101327170000000749000000000000048800
1503201713032017000000130320170000000604489600101362570000001864000000000000121500
1503201713032017000000130320170000000604603800101281350000000328000000000000021390
