1003201708032017000000080320170000000600226000101026070000000488000000000000031800
1003201708032017000000080320170000000600372300101053310000007784000000000000507430
1003201708032017000000080320170000000600488700101027970000001147000000000000074800
1003201708032017000000080320170000000600765200101038740000000177000000000000011240
1003201708032017000000080320170000000600778900101062720000000733000000000000047800
1003201708032017000000080320170000000600781400101061860000004932000000000000321500
1003201708032017000000080320170000000600796100101049620000002280000000000000148622
1003201708032017000000080320170000000600827700101080560000000307000000000000020000
1003201708032017000000080320170000000600869700101090620000001285000000000000083800
1003201708032017000000080320170000000600883800101056780000002268000000000000147820
1003201708032017000000080320170000000600884600101081340000000216000000000000014060
1003201708032017000000080320170000000600988300101065390000001792000000000000116820
1003201708032017000000080320170000000600999500101091710000001327000000000000086525
1003201708032017000000080320170000000601014500100805670000005001000000000000326000
1003201708032017000000080320170000000601103300101092720000000979000000000000063800
1003201708032017000000080320170000000601110300101074960000000366000000000000023840
1003201708032017000000080320170000000601136000101059220000004068000000000000265200
1003201708032017000000080320170000000601146200101066750000001361000000000000088700
1003201708032017000000080320170000000601190100101084510000000451000000000000029400
1003201708032017000000080320170000000601194500101093790000000652000000000000042500
1003201708032017000000080320170000000601203300101076380000000994000000000000064800
1003201708032017000000080320170000000601279000101094580000001160000000000000075600
1003201708032017000000080320170000000601315200100997640000001439000000000000093800
1003201708032017000000080320170000000601420500101078680000007847000000000000511560
1003201708032017000000080320170000000601420800101111970000002528000000000000164800
1003201708032017000000080320170000000601547500101106780000003939000000000000256800
