1204201710042017000000100420170000000619964300102434320000001327000000000000086532
1204201710042017000000100420170000000620166500102426290000001766000000000000115100
1204201710042017000000100420170000000620197600102416360000000231000000000000015030
1204201710042017000000100420170000000620347300102437520000002470000000000000161000
1204201710042017000000100420170000000620374800102468120000000281000000000000018300
1204201710042017000000100420170000000620411600102438170000001439000000000000093800
1204201710042017000000100420170000000620415300102468180000000333000000000000021730
1204201710042017000000100420170000000620433300102417010000000327000000000000021330
1204201710042017000000100420170000000620483900102438880000000177000000000000007550
1204201710042017000000100420170000000620501700102458630000000288000000000000018800
1204201710042017000000100420170000000620620500102490140000003740000000000000243800
1204201710042017000000100420170000000620644800102490230000003892000000000000253700
1204201710042017000000100420170000000620646900102480640000000329000000000000021430
1204201710042017000000100420170000000620686900102491310000000316000000000000020630
1204201710042017000000100420170000000620723100102501660000000451000000000000029420
1204201710042017000000100420170000000620733900102472450000002513000000000000163800
1204201710042017000000100420170000000620742600102521060000000177000000000000007550
1204201710042017000000100420170000000620895700102484640000002470000000000000161000
1204201710042017000000100420170000000620974900102505520000000177000000000000006090
1204201710042017000000100420170000000621008000102515360000001899000000000000123800
1204201710042017000000100420170000000621024000102525610000000721000000000000047018
1204201710042017000000100420170000000621040200102516070000002973000000000000193800
1204201710042017000000100420170000000621065100102506530000000379000000000000024720
1204201710042017000000100420170000000621072600102497430000000755000000000000049200
1204201710042017000000100420170000000621078700102516820000000825000000000000053800
1204201710042017000000100420170000000621088700102435060000000595000000000000038800
1204201710042017000000100420170000000621106700102487920000002163000000000000141000
1204201710042017000000100420170000000621121900102498670000000483000000000000031500
1204201710042017000000100420170000000621124300102517870000000227000000000000014790
1204201710042017000000100420170000000621125100102479070000000595000000000000038800
1204201710042017000000100420170000000621131100102517950000001746000000000000113800
1204201710042017000000100420170000000621140100098910690000000342000000000000022300
1204201710042017000000100420170000000621146500102508370000000687000000000000044800
1204201710042017000000100420170000000621174400102540410000002820000000000000183825
1204201710042017000000100420170000000621177000102508280000004380000000000000285560
1204201710042017000000100420170000000621179500102509170000002092000000000000136400
1204201710042017000000100420170000000621181200102540640000002092000000000000136400
1204201710042017000000100420170000000621182400102550360000002092000000000000136400
1204201710042017000000100420170000000621182600102550390000002092000000000000136400
1204201710042017000000100420170000000621182800102530790000002092000000000000136400
1204201710042017000000100420170000000621183100102550410000002092000000000000136400
1204201710042017000000100420170000000621183300102529850000002092000000000000136400
1204201710042017000000100420170000000621184500102540740000000305000000000000019900
1204201710042017000000100420170000000621185100102509630000000244000000000000015900
1204201710042017000000100420170000000621185800102550450000003113000000000000202930
1204201710042017000000100420170000000621186400102530870000000918000000000000059820
1204201710042017000000100420170000000621189700102530830000000261000000000000017020
1204201710042017000000100420170000000621190300102509740000001285000000000000083800
1204201710042017000000100420170000000621190900102550560000000407000000000000026552
1204201710042017000000100420170000000621215800102580380000002907000000000000189530
1204201710042017000000100420170000000621218000102551590000015262000000000000994900
1204201710042017000000100420170000000621220800102580570000008323000000000000542600
1204201710042017000000100420170000000621227200102570910000000201000000000000013130
1204201710042017000000100420170000000621230900102571060000014803000000000000965000
1204201710042017000000100420170000000621231100102541530000001115000000000000072700
1204201710042017000000100420170000000621235400102542540000007398000000000000482300
1204201710042017000000100420170000000621250000102531680000000305000000000000019900
1204201710042017000000100420170000000621250100102581070000000588000000000000038325
1204201710042017000000100420170000000621257600102515780000002282000000000000148760
1204201710042017000000100420170000000621263900102552510000002072000000000000135100
1204201710042017000000100420170000000621270400102543300000001703000000000000111000
1204201710042017000000100420170000000621273500102543320000004008000000000000261300
1204201710042017000000100420170000000621275000102571710000002092000000000000136400
1204201710042017000000100420170000000621277600102581830000002375000000000000154800
1204201710042017000000100420170000000621292900102572320000002092000000000000136400
1204201710042017000000100420170000000621296800102562390000000177000000000000008030
1204201710042017000000100420170000000621297800102552770000000918000000000000059820
1204201710042017000000100420170000000621305100102533570000001397000000000000091100
1204201710042017000000100420170000000621305600102572170000004408000000000000287360
1204201710042017000000100420170000000621317700102582780000000339000000000000022100
1204201710042017000000100420170000000621331500102571930000004145000000000000270180
1204201710042017000000100420170000000621348400102563820000000251000000000000016350
1204201710042017000000100420170000000621355400102534600000001931000000000000125900
1204201710042017000000100420170000000621364200102554360000002704000000000000176300
1204201710042017000000100420170000000621369500102573650000000726000000000000047300
1204201710042017000000100420170000000621369700102583690000002048000000000000133500
1204201710042017000000100420170000000621371700102564610000000672000000000000043800
1204201710042017000000100420170000000621391800102584110000004117000000000000268360
1204201710042017000000100420170000000621394800102555230000000177000000000000009362
1204201710042017000000100420170000000621409200102545910000001323000000000000086220
1204201710042017000000100420170000000621414100102584420000000177000000000000011090
1204201710042017000000100420170000000621427700102574840000001993000000000000129931
1204201710042017000000100420170000000621429800102545920000001936000000000000126200
1204201710042017000000100420170000000621438400102556260000001746000000000000113800
1204201710042017000000100420170000000621438600102584760000000488000000000000031800
1204201710042017000000100420170000000621439100102535900000000550000000000000035860
1204201710042017000000100420170000000621442600102546530000000266000000000000017320
1204201710042017000000100420170000000621454500102575400000002311000000000000150675
1204201710042017000000100420170000000621463100102547250000000649000000000000042300
1204201710042017000000100420170000000621463700102585280000000488000000000000031800
1204201710042017000000100420170000000621465800102556820000002192000000000000142900
1204201710042017000000100420170000000621467500102575720000000519000000000000033860
1204201710042017000000100420170000000621482200102536920000000512000000000000033391
1204201710042017000000100420170000000621484100102573860000002364000000000000154100
1204201710042017000000100420170000000621500100102575530000000305000000000000019900
1204201710042017000000100420170000000621501300102576400000001285000000000000083800
1204201710042017000000100420170000000621508800102576550000000177000000000000009070
1204201710042017000000100420170000000621523300102556900000002355000000000000153500
1204201710042017000000100420170000000621540100102567880000000983000000000000064100
1204201710042017000000100420170000000621546400102551360000000179000000000000011700
1204201710042017000000100420170000000621557100102577540000000900000000000000058700
1204201710042017000000100420170000000621563900102587330000000322000000000000021000
1204201710042017000000100420170000000621585200102577820000000419000000000000027300
1204201710042017000000100420170000000621604700102588050000002855000000000000186100
1204201710042017000000100420170000000621605900102559890000004561000000000000297300
1204201710042017000000100420170000000621630000102600410000002508000000000000163500
1204201710042017000000100420170000000621647500102591060000005237000000000000341400
1204201710042017000000100420170000000621652500102610340000005509000000000000359115
1204201710042017000000100420170000000621680000102591590000000211000000000000013780
1204201710042017000000100420170000000621697000102611270000002338000000000000152420
1204201710042017000000100420170000000621699300102621330000002045000000000000133300
1204201710042017000000100420170000000621716500102589770000002199000000000000143330
1204201710042017000000100420170000000621728900102640980000001608000000000000104800
1204201710042017000000100420170000000621736700102622420000002508000000000000163500
1204201710042017000000100420170000000621754800102603320000003502000000000000228300
1204201710042017000000100420170000000621757900102612800000002513000000000000163820
1204201710042017000000100420170000000621765900102612350000002048000000000000133487
1204201710042017000000100420170000000621769400102603680000002804000000000000182800
1204201710042017000000100420170000000621777000102603840000000256000000000000016720
1204201710042017000000100420170000000621797000102614200000001151000000000000075000
