1104201707042017000000090420170000000618835100102400590000000464000000000000030260
1104201707042017000000090420170000000618938300102390460000000749000000000000048800
1104201707042017000000090420170000000619189400102353310000001592000000000000103800
1104201707042017000000090420170000000619195900102353210000000278000000000000018123
1104201707042017000000090420170000000619233600102353850000000177000000000000008300
1104201707042017000000090420170000000619240100102383330000000765000000000000049900
1104201707042017000000090420170000000619260300102382860000000919000000000000059900
1104201707042017000000090420170000000619265400102403690000000181000000000000011830
1104201707042017000000090420170000000619278500102394350000001255000000000000081800
1104201707042017000000090420170000000619304800102364430000001748000000000000113924
1104201707042017000000090420170000000619310500102394810000001532000000000000099900
1104201707042017000000090420170000000619312100102354590000004139000000000000269800
1104201707042017000000090420170000000619320500102374250000000672000000000000043800
1104201707042017000000090420170000000619324700102404920000001226000000000000079900
1104201707042017000000090420170000000619334300102354950000001379000000000000089900
1104201707042017000000090420170000000619336300102374800000002564000000000000167124
1104201707042017000000090420170000000619344600102395540000001281000000000000083532
1104201707042017000000090420170000000619351000102395680000000177000000000000001900
1104201707042017000000090420170000000619355400102355520000001072000000000000069900
1104201707042017000000090420170000000619360400102384900000000918000000000000059820
1104201707042017000000090420170000000619364500102355210000000177000000000000000980
1104201707042017000000090420170000000619364900102110650000000565000000000000036850
1104201707042017000000090420170000000619369300102355250000000297000000000000019330
1104201707042017000000090420170000000619393600102406020000000177000000000000009900
1104201707042017000000090420170000000619466100102440030000000632000000000000041200
1104201707042017000000090420170000000619488700102420050000000689000000000000044900
1104201707042017000000090420170000000619513500102410440000002453000000000000159900
1104201707042017000000090420170000000619531900102450480000002069000000000000134900
1104201707042017000000090420170000000619538900102440310000000535000000000000034900
1104201707042017000000090420170000000619540700102440370000000198000000000000012900
1104201707042017000000090420170000000619602800102460490000000868000000000000056600
1104201707042017000000090420170000000619606800102431120000000305000000000000019900
1104201707042017000000090420170000000619629000102460860000001592000000000000103800
1104201707042017000000090420170000000619662400102450230000000503000000000000032770
1104201707042017000000090420170000000619663600102411520000001857000000000000121044
1104201707042017000000090420170000000619682900102411740000002097000000000000136700
1104201707042017000000090420170000000619715100102432010000001761000000000000114800
1104201707042017000000090420170000000619762800102452440000000535000000000000034900
1104201707042017000000090420170000000619763100102412520000000177000000000000007960
1104201707042017000000090420170000000619788000102422590000000229000000000000014930
1104201707042017000000090420170000000619790300102432740000000246000000000000016030
1104201707042017000000090420170000000619802700102422680000002606000000000000169900
1104201707042017000000090420170000000619805800102442810000000177000000000000001990
1104201707042017000000090420170000000619808000102452900000003156000000000000205751
1104201707042017000000090420170000000619821100102433170000001176000000000000076632
1104201707042017000000090420170000000619822000102452510000002520000000000000164300
1104201707042017000000090420170000000619828800102433250000001299000000000000084707
1104201707042017000000090420170000000619832300102423080000001198000000000000078120
1104201707042017000000090420170000000619870800102413430000001605000000000000104650
1104201707042017000000090420170000000619875200102453350000000177000000000000005234
1104201707042017000000090420170000000619890300102433610000001916000000000000124900
1104201707042017000000090420170000000619907900102413350000000233000000000000015160
1104201707042017000000090420170000000619933000102424070000002019000000000000131600
1104201707042017000000090420170000000619945500102443880000001939000000000000126424
1104201707042017000000090420170000000619965100102434200000000527000000000000034360
1104201707042017000000090420170000000619966800102454350000000860000000000000056050
1104201707042017000000090420170000000619988600102434510000000979000000000000063800
1104201707042017000000090420170000000619991700102424740000000238000000000000015530
1104201707042017000000090420170000000619995200102454680000000252000000000000016430
1104201707042017000000090420170000000620062200102425290000001853000000000000120805
1104201707042017000000090420170000000620074500102465550000002624000000000000171024
1104201707042017000000090420170000000620116800102425820000001461000000000000095250
1104201707042017000000090420170000000620195700102416210000000779000000000000050800
1104201707042017000000090420170000000620380300102437320000010985000000000000716115
1104201707042017000000090420170000000620414600102468390000000673000000000000043850
1104201707042017000000090420170000000620433400102458170000000779000000000000050800
1104201707042017000000090420170000000620558400102403360000001516000000000000098800
1104201707042017000000090420170000000620654900102520190000000413000000000000026900
1104201707042017000000090420170000000620878600102474720000000177000000000000008700
