0704201705042017000000050420170000000617495600102174150000000179000000000000011700
0704201705042017000000050420170000000617510400102193150000001884000000000000122800
0704201705042017000000050420170000000617696700102223650000002528000000000000164820
0704201705042017000000050420170000000617883800102214940000000307000000000000020000
0704201705042017000000050420170000000617909900102205300000000979000000000000063800
0704201705042017000000050420170000000617928900102176930000000391000000000000025500
0704201705042017000000050420170000000617929200102225350000000782000000000000051000
0704201705042017000000050420170000000617952400102186870000000788000000000000051400
0704201705042017000000050420170000000617962300102187040000000595000000000000038800
0704201705042017000000050420170000000617967000102226050000000394000000000000025700
0704201705042017000000050420170000000617973100102226140000001286000000000000083820
0704201705042017000000050420170000000617986700102226270000001328000000000000086600
0704201705042017000000050420170000000617997800102206210000000726000000000000047300
0704201705042017000000050420170000000618002000102196500000000488000000000000031800
0704201705042017000000050420170000000618102700102217320000000181000000000000011790
0704201705042017000000050420170000000618129000102227690000000672000000000000043800
0704201705042017000000050420170000000618138200102227700000000181000000000000011790
0704201705042017000000050420170000000618183300102228120000000476000000000000031000
0704201705042017000000050420170000000618210000102179750000000641000000000000041800
0704201705042017000000050420170000000618223300102198220000005567000000000000362900
0704201705042017000000050420170000000618231400102218150000005567000000000000362900
0704201705042017000000050420170000000618431700102199890000000182000000000000011890
0704201705042017000000050420170000000618467100102219370000000595000000000000038800
0704201705042017000000050420170000000618564600102260720000000825000000000000053800
0704201705042017000000050420170000000618615400102241990000003740000000000000243820
0704201705042017000000050420170000000618648300102251940000001623000000000000105815
