0504201701042017000000030420170000000615244400102052580000000177000000000000011000
0504201701042017000000030420170000000615402400102092600000000210000000000000013700
0504201701042017000000030420170000000615409400102102590000000595000000000000038800
0504201701042017000000030420170000000615446200102093280000000948000000000000061800
0504201701042017000000030420170000000615518400101567160000001379000000000000089900
0504201701042017000000030420170000000615527000102103540000003318000000000000216300
0504201701042017000000030420170000000615576400102055210000000825000000000000053800
0504201701042017000000030420170000000615583900102084440000000324000000000000021090
0504201701042017000000030420170000000615602300102103980000000825000000000000053800
0504201701042017000000030420170000000615641700102065390000000375000000000000024440
0504201701042017000000030420170000000615702400102066050000001132000000000000073800
0504201701042017000000030420170000000615773700102076370000001285000000000000083800
0504201701042017000000030420170000000615776400102086360000000177000000000000005600
0504201701042017000000030420170000000615852600102106240000000181000000000000011790
0504201701042017000000030420170000000615950500102067960000000304000000000000019840
0504201701042017000000030420170000000615972600102068260000000488000000000000031800
0504201701042017000000030420170000000616086400102069290000001746000000000000113800
0504201701042017000000030420170000000616101100102078350000000324000000000000021090
0504201701042017000000030420170000000616105600102075570000000802000000000000052300
0504201701042017000000030420170000000616139900102108320000000790000000000000051500
0504201701042017000000030420170000000616158600102089470000001132000000000000073800
0504201701042017000000030420170000000616163500102108700000000351000000000000022900
0504201701042017000000030420170000000616256100102109710000000641000000000000041760
0504201701042017000000030420170000000616261200102109100000000641000000000000041760
0504201701042017000000030420170000000616284600102112050000000436000000000000028400
0504201701042017000000030420170000000616416500102132190000002183000000000000142300
0504201701042017000000030420170000000616512100102133170000000488000000000000031800
0504201701042017000000030420170000000616514100102162300000000293000000000000019080
0504201701042017000000030420170000000616530000102143380000001072000000000000069900
0504201701042017000000030420170000000616541000102123780000002019000000000000131600
0504201701042017000000030420170000000616588900102124300000000583000000000000038015
0504201701042017000000030420170000000616590400102161870000000231000000000000015030
0504201701042017000000030420170000000616605200102115410000000675000000000000044000
0504201701042017000000030420170000000616621700102154280000000322000000000000021000
0504201701042017000000030420170000000616633200102125090000000555000000000000036200
0504201701042017000000030420170000000616636600102115900000004353000000000000283800
0504201701042017000000030420170000000616644800102134710000004430000000000000288800
0504201701042017000000030420170000000616654500102134880000000379000000000000024700
0504201701042017000000030420170000000616658600102155090000003372000000000000219820
0504201701042017000000030420170000000616664000102049650000000719000000000000046872
0504201701042017000000030420170000000616665700102155270000000420000000000000027400
0504201701042017000000030420170000000616682300102155490000000710000000000000046315
0504201701042017000000030420170000000616682600102135540000004507000000000000293800
0504201701042017000000030420170000000616714700102117370000001072000000000000069900
0504201701042017000000030420170000000616716900102117420000000177000000000000009090
0504201701042017000000030420170000000616718300102135990000000177000000000000005590
0504201701042017000000030420170000000616757400102146790000000658000000000000042900
0504201701042017000000030420170000000616798600102127480000003195000000000000208300
0504201701042017000000030420170000000616808400102127600000000322000000000000021000
0504201701042017000000030420170000000616859500102118830000000177000000000000004490
0504201701042017000000030420170000000616860100102118840000001439000000000000093800
0504201701042017000000030420170000000616872600102087680000001592000000000000103800
0504201701042017000000030420170000000616900300102137450000001253000000000000081700
0504201701042017000000030420170000000616902900102137470000000445000000000000028990
0504201701042017000000030420170000000616914500102119080000000801000000000000052200
0504201701042017000000030420170000000616924700102119120000005120000000000000333800
0504201701042017000000030420170000000616933400102118630000000537000000000000035000
0504201701042017000000030420170000000616969500102147910000001746000000000000113800
0504201701042017000000030420170000000616971800102128740000000177000000000000009540
0504201701042017000000030420170000000616972200102128910000001439000000000000093800
0504201701042017000000030420170000000617031600102137370000001532000000000000099900
0504201701042017000000030420170000000617081200101871440000000190000000000000012390
0504201701042017000000030420170000000617087500102129810000003169000000000000206600
0504201701042017000000030420170000000617099900102138970000001362000000000000088800
0504201701042017000000030420170000000617101600102158830000004523000000000000294820
0504201701042017000000030420170000000617102600102158840000003372000000000000219820
0504201701042017000000030420170000000617227900102149870000000410000000000000026700
0504201701042017000000030420170000000617268100102190930000003740000000000000243800
0504201701042017000000030420170000000617317900102169940000001669000000000000108800
