1804201712042017000000160420170000000621955400102618390000001684000000000000109800
1804201712042017000000160420170000000621970700102629550000000219000000000000014250
1804201712042017000000160420170000000621995300102648820000000177000000000000008090
1804201712042017000000160420170000000622051400102660980000000177000000000000005600
1804201712042017000000160420170000000622057100102618970000000216000000000000014060
1804201712042017000000160420170000000622121300102671910000001970000000000000128400
1804201712042017000000160420170000000622125600102653090000000472000000000000030800
1804201712042017000000160420170000000622188400102672900000001409000000000000091820
1804201712042017000000160420170000000622200700102662700000002019000000000000131600
1804201712042017000000160420170000000622242000102654740000001983000000000000129300
1804201712042017000000160420170000000622259000102674380000003639000000000000237240
1804201712042017000000160420170000000622267400102693250000000477000000000000031100
1804201712042017000000160420170000000622274700102655340000000342000000000000022300
1804201712042017000000160420170000000622288900102664930000000342000000000000022300
1804201712042017000000160420170000000622322900102675240000009554000000000000622820
1804201712042017000000160420170000000622342200102666080000000403000000000000026300
1804201712042017000000160420170000000622344600102694600000002137000000000000139300
1804201712042017000000160420170000000622351600102694740000001704000000000000111100
1804201712042017000000160420170000000622373500102442310000002094000000000000136500
1804201712042017000000160420170000000622393000102676440000004783000000000000311795
1804201712042017000000160420170000000622396500102676970000002117000000000000138000
1804201712042017000000160420170000000622396600102667280000002249000000000000146630
1804201712042017000000160420170000000622398000102425940000001190000000000000077590
1804201712042017000000160420170000000622405000102658100000005047000000000000329000
1804201712042017000000160420170000000622405800102657900000000776000000000000050565
1804201712042017000000160420170000000622408600102658240000004637000000000000302300
1804201712042017000000160420170000000622411900102610520000000284000000000000018530
1804201712042017000000160420170000000622431000102677990000001286000000000000083820
1804201712042017000000160420170000000622432900102658740000000367000000000000023900
1804201712042017000000160420170000000622439300102654590000000270000000000000017600
1804201712042017000000160420170000000622444700102678310000000488000000000000031800
1804201712042017000000160420170000000622446400102687820000001592000000000000103800
1804201712042017000000160420170000000622453200102705950000000749000000000000048800
1804201712042017000000160420170000000622463300102681160000000488000000000000031800
1804201712042017000000160420170000000622476300102669640000002290000000000000149300
1804201712042017000000160420170000000622479600102669220000001709000000000000111400
1804201712042017000000160420170000000622483900102659870000000795000000000000051820
1804201712042017000000160420170000000622495300102720040000002186000000000000142530
1804201712042017000000160420170000000622495500102730040000000305000000000000019900
1804201712042017000000160420170000000622500700102707310000002146000000000000139900
1804201712042017000000160420170000000622501900102720470000002068000000000000134800
1804201712042017000000160420170000000622508400102707550000004030000000000000262700
1804201712042017000000160420170000000622509900102698920000003987000000000000259900
1804201712042017000000160420170000000622513500102562280000000428000000000000027900
1804201712042017000000160420170000000622514400102707730000001224000000000000079820
1804201712042017000000160420170000000622517100102721150000000219000000000000014250
1804201712042017000000160420170000000622527000102699670000006395000000000000416892
1804201712042017000000160420170000000622530500102750010000000305000000000000019900
1804201712042017000000160420170000000622530900102699540000000395000000000000025780
1804201712042017000000160420170000000622531200102731830000003033000000000000197700
1804201712042017000000160420170000000622533200102676090000000177000000000000006300
1804201712042017000000160420170000000622534600102706080000002576000000000000167920
1804201712042017000000160420170000000622534800102708410000001749000000000000114030
1804201712042017000000160420170000000622535000102721330000001207000000000000078700
1804201712042017000000160420170000000622542800102678600000002821000000000000183920
1804201712042017000000160420170000000622543200102653220000001606000000000000104700
1804201712042017000000160420170000000622545200102750690000001021000000000000066560
1804201712042017000000160420170000000622548500102732830000000653000000000000042600
1804201712042017000000160420170000000622552000102708710000000749000000000000048800
1804201712042017000000160420170000000622557100102751620000000327000000000000021300
1804201712042017000000160420170000000622567500102732530000001933000000000000126000
1804201712042017000000160420170000000622568200102613760000000597000000000000038900
1804201712042017000000160420170000000622568900102760070000000327000000000000021300
1804201712042017000000160420170000000622569400102743080000000177000000000000009000
1804201712042017000000160420170000000622569700102751530000000523000000000000034100
1804201712042017000000160420170000000622572800102723790000000460000000000000030000
1804201712042017000000160420170000000622572900102751700000000359000000000000023430
1804201712042017000000160420170000000622575200102713970000002030000000000000132320
1804201712042017000000160420170000000622693400102746030000004022000000000000262200
1804201712042017000000160420170000000622702700102716890000003064000000000000199730
1804201712042017000000160420170000000622704100102661290000001516000000000000098800
1804201712042017000000160420170000000622714400080839420000010773000000000000702300
1804201712042017000000160420170000000622714500102736800000000782000000000000051000
1804201712042017000000160420170000000622751400102681760000002821000000000000183900
1804201712042017000000160420170000000622770800102727260000001703000000000000111000
1804201712042017000000160420170000000622795800102756020000000305000000000000019900
1804201712042017000000160420170000000622823000102756340000002924000000000000190620
1804201712042017000000160420170000000622828400102718460000001301000000000000084800
1804201712042017000000160420170000000622870900102747930000001409000000000000091820
1804201712042017000000160420170000000622871400102079770000000177000000000000009090
1804201712042017000000160420170000000622872800102764470000001054000000000000068700
1804201712042017000000160420170000000622875500102737610000000249000000000000016220
1804201712042017000000160420170000000622891600102719230000002014000000000000131315
1804201712042017000000160420170000000622941200102748640000002784000000000000181500
1804201712042017000000160420170000000622944400102582990000000305000000000000019900
1804201712042017000000160420170000000622947400102719860000003295000000000000214800
1804201712042017000000160420170000000622952000102739640000000916000000000000059700
1804201712042017000000160420170000000622971000102749160000000226000000000000014750
1804201712042017000000160420170000000622979300102770430000002645000000000000172400
1804201712042017000000160420170000000623001100102749560000018449000000000001202700
1804201712042017000000160420170000000623016800102770810000002183000000000000142300
1804201712042017000000160420170000000623018600102766720000000672000000000000043820
1804201712042017000000160420170000000623023000102770980000001158000000000000075500
1804201712042017000000160420170000000623029400102759210000000457000000000000029760
1804201712042017000000160420170000000623044100102582830000002623000000000000171000
1804201712042017000000160420170000000623073000102791060000000523000000000000034100
1804201712042017000000160420170000000623077700102553000000000395000000000000025780
1804201712042017000000160420170000000623082500102767730000001761000000000000114800
1804201712042017000000160420170000000623091100102767880000001492000000000000097230
1804201712042017000000160420170000000623130800102772500000002145000000000000139820
1804201712042017000000160420170000000623154000102801770000000177000000000000007800
1804201712042017000000160420170000000623165800102767890000000342000000000000022300
1804201712042017000000160420170000000623175000102783330000002858000000000000186292
1804201712042017000000160420170000000623223900102812820000000461000000000000030020
1804201712042017000000160420170000000623230900102793930000000765000000000000049890
1804201712042017000000160420170000000623245900102803770000000612000000000000039900
1804201712042017000000160420170000000623262500102804280000002453000000000000159920
1804201712042017000000160420170000000623265500102795080000001439000000000000093800
1804201712042017000000160420170000000623286600102814470000002513000000000000163820
1804201712042017000000160420170000000623308400102796290000000177000000000000005595
1804201712042017000000160420170000000623329600102787040000003336000000000000217500
1804201712042017000000160420170000000623332600102787070000001651000000000000107600
1804201712042017000000160420170000000623361400102823160000000177000000000000005300
1804201712042017000000160420170000000623383000102787440000000372000000000000024230
1804201712042017000000160420170000000623421000102823790000000360000000000000023483
1804201712042017000000160420170000000623452000102807190000000229000000000000014900
1804201712042017000000160420170000000623558400102825020000001822000000000000118800
1804201712042017000000160420170000000623593100102789600000000284000000000000018500
1804201712042017000000160420170000000623622900102808990000013880000000000000904800
1804201712042017000000160420170000000623701500102850300000000919000000000000059900
1804201712042017000000160420170000000623860500102842800000000182000000000000011870
1804201712042017000000160420170000000623882300102833610000000177000000000000009090
1804201712042017000000160420170000000623954100102853330000001437000000000000093700
1804201712042017000000160420170000000623966100102829810000003065000000000000199830
1804201712042017000000160420170000000623969000102829860000000299000000000000019500
1804201712042017000000160420170000000623985700102834610000000902000000000000058810
1804201712042017000000160420170000000623991800102853720000001608000000000000104800
1804201712042017000000160420170000000623996000102853810000003083000000000000201000
1804201712042017000000160420170000000623997000102863390000000177000000000000010000
1804201712042017000000160420170000000624033500102844460000001378000000000000089800
1804201712042017000000160420170000000624035000102873910000001532000000000000099900
1804201712042017000000160420170000000624035600102834960000000177000000000000009070
1804201712042017000000160420170000000624046900102844610000000426000000000000027800
1804201712042017000000160420170000000624049300102874030000002206000000000000143800
1804201712042017000000160420170000000624166300102875190000000368000000000000024000
1804201712042017000000160420170000000624252400102882310000006500000000000000423700
1804201712042017000000160420170000000624277600102837600000000305000000000000019900
1804201712042017000000160420170000000624346100102881960000000749000000000000048800
1804201712042017000000160420170000000624478100102848470000000485000000000000031600
1804201712042017000000160420170000000624973400102894210000003157000000000000205800
