0803201706032017000000060320170000000598792900100899330000000463000000000000030200
0803201706032017000000060320170000000598807600100918750000001532000000000000099900
0803201706032017000000060320170000000598815500100909290000000207000000000000013500
0803201706032017000000060320170000000598903600100929470000002818000000000000183700
0803201706032017000000060320170000000598912600100943350000001209000000000000078800
0803201706032017000000060320170000000598920100100960800000005521000000000000359900
0803201706032017000000060320170000000598925000100919990000000793000000000000051700
0803201706032017000000060320170000000598976600100951940000000612000000000000039920
0803201706032017000000060320170000000598986900100980650000002183000000000000142300
0803201706032017000000060320170000000598990200100980380000002700000000000000176000
0803201706032017000000060320170000000598993300100971050000004781000000000000311700
0803201706032017000000060320170000000599012300100944740000001312000000000000085500
0803201706032017000000060320170000000599017600100916270000004965000000000000323660
0803201706032017000000060320170000000599018500100971650000002375000000000000154800
0803201706032017000000060320170000000599047300100953140000000413000000000000026900
0803201706032017000000060320170000000599214400100991520000001379000000000000089900
0803201706032017000000060320170000000599249900100984840000005174000000000000337320
0803201706032017000000060320170000000599253000100974720000000322000000000000021000
0803201706032017000000060320170000000599283500100992470000001178000000000000076800
0803201706032017000000060320170000000599355300100966950000000177000000000000006090
0803201706032017000000060320170000000599372700100967240000000700000000000000045660
0803201706032017000000060320170000000599413500100994500000003833000000000000249900
0803201706032017000000060320170000000599421500100959180000000177000000000000011000
0803201706032017000000060320170000000599429400100968320000003428000000000000223500
0803201706032017000000060320170000000599447100100995040000000996000000000000064900
0803201706032017000000060320170000000599449400100977950000000640000000000000041750
0803201706032017000000060320170000000599461400100959960000002199000000000000143360
0803201706032017000000060320170000000599479800097957950000000399000000000000026000
0803201706032017000000060320170000000599590100101020440000002988000000000000194800
0803201706032017000000060320170000000599607000101002880000004353000000000000283800
0803201706032017000000060320170000000599667700100978120000013692000000000000892600
0803201706032017000000060320170000000599689100100979760000001902000000000000124000
0803201706032017000000060320170000000599698500101012230000000185000000000000012070
0803201706032017000000060320170000000599706400101003620000001591000000000000103700
0803201706032017000000060320170000000599784700101021950000000632000000000000041200
0803201706032017000000060320170000000599804300101031410000000678000000000000044200
0803201706032017000000060320170000000599829800101013200000001608000000000000104800
0803201706032017000000060320170000000599846900101013440000000672000000000000043820
0803201706032017000000060320170000000599852500101031590000000782000000000000051000
0803201706032017000000060320170000000599909600101032060000001089000000000000071000
0803201706032017000000060320170000000599918900101022800000001746000000000000113800
0803201706032017000000060320170000000600025600101032810000001608000000000000104800
0803201706032017000000060320170000000600082800101006710000000177000000000000011000
