0303201701032017000000010320170000000595526000100726160000000199000000000000013000
0303201701032017000000010320170000000595557800100735650000000176000000000000011500
0303201701032017000000010320170000000595609900100717280000002623000000000000171000
0303201701032017000000010320170000000595911100100757910000000920000000000000060000
0303201701032017000000010320170000000595914400100726660000000177000000000000004930
0303201701032017000000010320170000000595930900100728640000000177000000000000010090
0303201701032017000000010320170000000595950900100760520000000365000000000000023800
0303201701032017000000010320170000000595963800100758110000001592000000000000103800
0303201701032017000000010320170000000595995000100758750000002301000000000000150025
0303201701032017000000010320170000000596030600100729490000001239000000000000080800
0303201701032017000000010320170000000596034600100738940000000200000000000000013058
0303201701032017000000010320170000000596038600100729470000007517000000000000490000
0303201701032017000000010320170000000596088200100759830000004748000000000000309500
0303201701032017000000010320170000000596114800100810060000000614000000000000040000
0303201701032017000000010320170000000596156400100800690000000920000000000000060000
0303201701032017000000010320170000000596163800100781040000001166000000000000076000
0303201701032017000000010320170000000596173200100763940000000177000000000000011000
0303201701032017000000010320170000000596174300100800850000000177000000000000002090
0303201701032017000000010320170000000596186600100801180000001434000000000000093500
0303201701032017000000010320170000000596214200100791730000002301000000000000150000
0303201701032017000000010320170000000596218500100811570000000177000000000000004092
0303201701032017000000010320170000000596225800100791870000000614000000000000040000
0303201701032017000000010320170000000596243900100765290000000739000000000000048198
0303201701032017000000010320170000000596248000100782770000000177000000000000001090
0303201701032017000000010320170000000596249600100562970000000177000000000000001000
0303201701032017000000010320170000000596250100100765510000001904000000000000124100
0303201701032017000000010320170000000596251100100792640000001592000000000000103800
0303201701032017000000010320170000000596251200100812080000002087000000000000136020
0303201701032017000000010320170000000596261500100749700000000269000000000000017530
0303201701032017000000010320170000000596331500100803550000001285000000000000083800
0303201701032017000000010320170000000596342100100803630000000305000000000000019900
0303201701032017000000010320170000000596445500100767240000002938000000000000191500
0303201701032017000000010320170000000596447500100766600000000212000000000000013800
0303201701032017000000010320170000000596487900100767720000001899000000000000123800
0303201701032017000000010320170000000596514100100814670000000327000000000000021330
0303201701032017000000010320170000000596532200100794980000000483000000000000031500
0303201701032017000000010320170000000596552700100815170000000333000000000000021700
0303201701032017000000010320170000000596595600100775980000000190000000000000012400
0303201701032017000000010320170000000596646100100816010000000979000000000000063800
0303201701032017000000010320170000000596790400100817230000004157000000000000271000
0303201701032017000000010320170000000596945300100788520000000569000000000000037076
