0304201730032017000000300320170000000614033900101990950000000458000000000000029830
0304201730032017000000300320170000000614160400101991960000001532000000000000099900
0304201730032017000000300320170000000614200500102002650000001297000000000000084565
0304201730032017000000300320170000000614257800102012950000002130000000000000138825
0304201730032017000000300320170000000614301400102013170000000437000000000000028500
0304201730032017000000300320170000000614312500101993100000001976000000000000128800
0304201730032017000000300320170000000614319000102043350000000927000000000000060400
0304201730032017000000300320170000000614339600102023280000000227000000000000014800
0304201730032017000000300320170000000614344400102003890000000825000000000000053800
0304201730032017000000300320170000000614362600102021700000000229000000000000014900
0304201730032017000000300320170000000614364900102013750000001043000000000000068000
0304201730032017000000300320170000000614376100102023920000000195000000000000012700
0304201730032017000000300320170000000614379200102001930000000177000000000000003531
0304201730032017000000300320170000000614390300102013770000001549000000000000101000
0304201730032017000000300320170000000614531000102000510000001313000000000000085600
0304201730032017000000300320170000000614573100101994980000002758000000000000179820
0304201730032017000000300320170000000614628100102005680000000461000000000000030060
0304201730032017000000300320170000000614634500102015730000000278000000000000018110
0304201730032017000000300320170000000614645300102006460000000177000000000000008200
0304201730032017000000300320170000000614679800102046310000002912000000000000189800
0304201730032017000000300320170000000614686300102016270000002130000000000000138825
0304201730032017000000300320170000000614731500102015030000000262000000000000017080
0304201730032017000000300320170000000614762700101996670000001700000000000000110820
0304201730032017000000300320170000000614772200102017200000000476000000000000031000
0304201730032017000000300320170000000614823500102047270000000779000000000000050800
0304201730032017000000300320170000000614854800101997490000005886000000000000383700
0304201730032017000000300320170000000614861400101997640000005906000000000000384990
0304201730032017000000300320170000000614890600102018510000000342000000000000022300
0304201730032017000000300320170000000614910000101981050000000216000000000000014090
