2903201727032017000000270320170000000611484900101855070000001810000000000000118000
2903201727032017000000270320170000000611519200101865110000002114000000000000137800
2903201727032017000000270320170000000611740700101832150000026113000000000001702300
2903201727032017000000270320170000000611814900101816980000004016000000000000261800
2903201727032017000000270320170000000611941000101857790000004358000000000000284100
2903201727032017000000270320170000000611943900101837690000000918000000000000059820
2903201727032017000000270320170000000611991600101868440000000177000000000000009500
2903201727032017000000270320170000000612044200101858610000000307000000000000020000
2903201727032017000000270320170000000612045800101859040000002528000000000000164820
2903201727032017000000270320170000000612049300101848560000000825000000000000053800
2903201727032017000000270320170000000612070000101858330000000595000000000000038800
2903201727032017000000270320170000000612115700101839730000002988000000000000194800
2903201727032017000000270320170000000612150300101910090000000177000000000000008800
2903201727032017000000270320170000000612175600101880570000001669000000000000108800
2903201727032017000000270320170000000612217000101871730000008589000000000000559930
2903201727032017000000270320170000000612280100101911200000002204000000000000143700
2903201727032017000000270320170000000612338600101882430000000555000000000000036200
2903201727032017000000270320170000000612354000101882630000000825000000000000053800
2903201727032017000000270320170000000612390200101893080000000442000000000000028800
2903201727032017000000270320170000000612397600101883210000000902000000000000058800
2903201727032017000000270320170000000612408400101902480000000488000000000000031800
2903201727032017000000270320170000000612487200101913760000000210000000000000013700
2903201727032017000000270320170000000612488600101884580000000196000000000000012800
2903201727032017000000270320170000000612490000101913780000000597000000000000038890
2903201727032017000000270320170000000612493700101903680000001493000000000000097300
2903201727032017000000270320170000000612583100101884980000001626000000000000106000
2903201727032017000000270320170000000612671900101914780000001915000000000000124820
2903201727032017000000270320170000000612729900101904890000001592000000000000103800
2903201727032017000000270320170000000612823500101886260000000177000000000000011000
2903201727032017000000270320170000000612852100101905570000000245000000000000016000
2903201727032017000000270320170000000612914900101916390000000673000000000000043860
2903201727032017000000270320170000000612958100101887430000001285000000000000083800
