2703201723032017000000230320170000000609417400101741510000001721000000000000112200
2703201723032017000000230320170000000609824100101736500000000288000000000000018800
2703201723032017000000230320170000000609854600101774530000002052000000000000133800
2703201723032017000000230320170000000609988900101745260000001286000000000000083820
2703201723032017000000230320170000000609998100101764410000002003000000000000130600
2703201723032017000000230320170000000610010600101755620000001980000000000000129100
2703201723032017000000230320170000000610012100101753870000003004000000000000195820
2703201723032017000000230320170000000610157700101746650000000380000000000000024790
2703201723032017000000230320170000000610218900101738590000000961000000000000062660
2703201723032017000000230320170000000610724900101820400000000641000000000000041800
2703201723032017000000230320170000000610874600101841000000000231000000000000015030
