0604201704042017000000040420170000000617039400102157130000002513000000000000163820
0604201704042017000000040420170000000617139300102168280000000177000000000000006090
0604201704042017000000040420170000000617154400102139370000003142000000000000204800
0604201704042017000000040420170000000617171700102149910000002275000000000000148315
0604201704042017000000040420170000000617197000102159620000002030000000000000132315
0604201704042017000000040420170000000617205200102171280000001285000000000000083800
0604201704042017000000040420170000000617211900102171390000002528000000000000164820
0604201704042017000000040420170000000617213800102180940000001721000000000000112200
0604201704042017000000040420170000000617233300102169320000001396000000000000091000
0604201704042017000000040420170000000617269500102220010000001297000000000000084565
0604201704042017000000040420170000000617290900102220290000002010000000000000131000
0604201704042017000000040420170000000617331700102172840000000177000000000000009500
0604201704042017000000040420170000000617333000102172940000001132000000000000073800
0604201704042017000000040420170000000617343400102191880000002016000000000000131400
0604201704042017000000040420170000000617344500102182610000002010000000000000131000
0604201704042017000000040420170000000617423200102173740000001408000000000000091800
0604201704042017000000040420170000000617463100102170680000002010000000000000131000
0604201704042017000000040420170000000617519300102222280000002335000000000000152200
0604201704042017000000040420170000000617528200102193280000003180000000000000207300
0604201704042017000000040420170000000617545800102212790000002476000000000000161400
0604201704042017000000040420170000000617592400102193420000001361000000000000088700
0604201704042017000000040420170000000617614600102184380000000488000000000000031800
0604201704042017000000040420170000000617624700102193490000001285000000000000083800
0604201704042017000000040420170000000617640300102193780000002052000000000000133800
0604201704042017000000040420170000000617659900102184690000001949000000000000127065
0604201704042017000000040420170000000617673200102213510000000956000000000000062300
0604201704042017000000040420170000000617690500102203630000000220000000000000014330
0604201704042017000000040420170000000617698900102203660000002879000000000000187700
0604201704042017000000040420170000000617785100102214090000000245000000000000015970
0604201704042017000000040420170000000617806700102214020000001404000000000000091500
0604201704042017000000040420170000000617866000102225000000002699000000000000175920
