1403201710032017000000120320170000000601904900101117310000000578000000000000037680
1403201710032017000000120320170000000601922800101134580000001532000000000000099900
1403201710032017000000120320170000000602056200101136310000000649000000000000042300
1403201710032017000000120320170000000602180400101138200000000782000000000000051000
1403201710032017000000120320170000000602211500101129220000000902000000000000058800
1403201710032017000000120320170000000602259300101164350000004751000000000000309700
1403201710032017000000120320170000000602294000101165650000003495000000000000227820
1403201710032017000000120320170000000602294400101180200000000994000000000000064800
1403201710032017000000120320170000000602369700101166940000000342000000000000022300
1403201710032017000000120320170000000602378400101167190000001993000000000000129900
1403201710032017000000120320170000000602380600101172970000002099000000000000136820
1403201710032017000000120320170000000602399600101181700000006039000000000000393700
1403201710032017000000120320170000000602405100101173630000001349000000000000087920
1403201710032017000000120320170000000602408900101158130000000612000000000000039920
1403201710032017000000120320170000000602418400101148570000005185000000000000337980
1403201710032017000000120320170000000602420100101191580000000979000000000000063800
1403201710032017000000120320170000000602437300101158680000000419000000000000027300
1403201710032017000000120320170000000602447200101182720000000954000000000000062200
1403201710032017000000120320170000000602448100101167460000001822000000000000118800
1403201710032017000000120320170000000602468400101175260000002052000000000000133800
1403201710032017000000120320170000000602469100101193190000000689000000000000044900
1403201710032017000000120320170000000602475100101193160000003495000000000000227820
1403201710032017000000120320170000000602562900093501850000000957000000000000062400
1403201710032017000000120320170000000602568000101184760000004245000000000000276740
1403201710032017000000120320170000000602576400101184870000000371000000000000024210
1403201710032017000000120320170000000602634900101202490000000488000000000000031800
1403201710032017000000120320170000000602636900101202040000000518000000000000033800
1403201710032017000000120320170000000602651700101222110000000215000000000000014000
1403201710032017000000120320170000000602700300101186490000000275000000000000017940
1403201710032017000000120320170000000602712900101222800000001902000000000000124000
1403201710032017000000120320170000000602743000101223240000000385000000000000025120
1403201710032017000000120320170000000602752000101202140000005412000000000000352814
1403201710032017000000120320170000000602753900101223430000000841000000000000054800
1403201710032017000000120320170000000602754200101049190000000477000000000000031100
1403201710032017000000120320170000000602761100101222790000000595000000000000038800
1403201710032017000000120320170000000602769800101179400000000825000000000000053800
1403201710032017000000120320170000000602787500101197680000002173000000000000141624
1403201710032017000000120320170000000602788000101204540000001532000000000000099900
1403201710032017000000120320170000000602791100101204510000000177000000000000005090
1403201710032017000000120320170000000602829400101230110000000250000000000000016300
1403201710032017000000120320170000000602841200101224520000000625000000000000040740
1403201710032017000000120320170000000602851300101198740000000359000000000000023430
1403201710032017000000120320170000000602859800101188760000001562000000000000101820
1403201710032017000000120320170000000602913500101225450000003195000000000000208300
1403201710032017000000120320170000000602946900101240240000001899000000000000123800
1403201710032017000000120320170000000602959100101240220000000367000000000000023920
1403201710032017000000120320170000000602963000101240590000001899000000000000123800
1403201710032017000000120320170000000602975000101206730000002734000000000000178220
1403201710032017000000120320170000000602977600101240890000000177000000000000005100
1403201710032017000000120320170000000602992500101216610000001025000000000000066800
1403201710032017000000120320170000000603007800101251020000002208000000000000143920
1403201710032017000000120320170000000603040600101217500000000471000000000000030700
1403201710032017000000120320170000000603057500101232990000002977000000000000194038
1403201710032017000000120320170000000603065700101252000000001301000000000000084800
1403201710032017000000120320170000000603068700101208210000002280000000000000148624
1403201710032017000000120320170000000603091000101208450000001532000000000000099900
1403201710032017000000120320170000000603096800101209390000003142000000000000204800
1403201710032017000000120320170000000603117700101152690000002804000000000000182820
1403201710032017000000120320170000000603119200101234550000000177000000000000007594
1403201710032017000000120320170000000603122900101228900000001347000000000000087800
1403201710032017000000120320170000000603281900101271720000001516000000000000098800
